# Null title                                   Feff8L (EXAFS)       0.1      
# POT  Non-SCF, core-hole, AFOLP (folp(0)= 1.150)
# Abs   Z=78 Rmt= 1.464 Rnm= 1.499 L3 shell
# Pot 1 Z=78 Rmt= 1.477 Rnm= 1.515
# Gam_ch=5.171E+00 H-L exch
# Mu=-2.715E-01 kf=2.035E+00 Vint=-1.605E+01 Rs_int= 1.782
# PATH  Rmax= 5.000,  Keep_limit= 0.00, Heap_limit 0.00  Pwcrit= 2.50%
#  S02=1.000                                        Global_sig2= 0.00000
#  Curved wave amplitude ratio filter   4.000%
#     file         sig2 tot  cw amp ratio   deg  nlegs   reff  inp sig2
#           1       0.00000    100.00     12.00     2   2.7748
#           2       0.00000     25.11      6.00     2   3.9242
#           3       0.00000     14.84     48.00     3   4.1622
#           4       0.00000      5.81     48.00     3   4.7369
#           5       0.00000     59.98     24.00     2   4.8061
#     5/   5 paths used
#  -----------------------------------------------------------------------
#       k          chi          mag           phase @#
     0.0000    5.453588E-03  2.761038E-01  3.121839E+00
     0.0500    3.283152E-03  2.755105E-01  3.129676E+00
     0.1000    1.118517E-03  2.749119E-01  3.137524E+00
     0.1500   -5.284404E-03  2.731279E-01  3.160942E+00
     0.2000   -1.162811E-02  2.712984E-01  3.184467E+00
     0.2500   -2.191393E-02  2.682774E-01  3.223368E+00
     0.3000   -3.199729E-02  2.651366E-01  3.262570E+00
     0.3500   -4.547255E-02  2.608004E-01  3.316846E+00
     0.4000   -5.845062E-02  2.562488E-01  3.371719E+00
     0.4500   -7.405941E-02  2.505801E-01  3.441626E+00
     0.5000   -8.867412E-02  2.446112E-01  3.512553E+00
     0.5500   -1.045349E-01  2.373818E-01  3.597599E+00
     0.6000   -1.186308E-01  2.297495E-01  3.684174E+00
     0.6500   -1.325751E-01  2.209656E-01  3.785070E+00
     0.7000   -1.437906E-01  2.117210E-01  3.888198E+00
     0.7500   -1.531825E-01  2.013846E-01  4.005901E+00
     0.8000   -1.588277E-01  1.905753E-01  4.126845E+00
     0.8500   -1.610560E-01  1.787863E-01  4.263270E+00
     0.9000   -1.587469E-01  1.665763E-01  4.404575E+00
     0.9500   -1.518849E-01  1.535850E-01  4.563460E+00
     1.0000   -1.403011E-01  1.403235E-01  4.730248E+00
     1.0500   -1.238642E-01  1.265602E-01  4.919165E+00
     1.1000   -1.034976E-01  1.128457E-01  5.122291E+00
     1.1500   -7.927284E-02  9.919547E-02  5.357292E+00
     1.2000   -5.311547E-02  8.628135E-02  5.620028E+00
     1.2500   -2.545988E-02  7.455142E-02  5.934665E+00
     1.3000    1.053388E-03  6.509626E-02  6.299368E+00
     1.3500    2.552103E-02  5.903379E-02  6.730241E+00
     1.4000    4.529123E-02  5.742828E-02  7.191807E+00
     1.4500    5.924354E-02  6.045255E-02  7.653650E+00
     1.5000    6.556489E-02  6.709714E-02  8.068102E+00
     1.5500    6.331024E-02  7.603371E-02  8.440884E+00
     1.6000    5.245527E-02  8.605974E-02  8.769321E+00
     1.6500    3.276158E-02  9.629305E-02  9.077619E+00
     1.7000    6.542848E-03  1.062616E-01  9.363166E+00
     1.7500   -2.538759E-02  1.153618E-01  9.646664E+00
     1.8000   -5.858116E-02  1.235988E-01  9.918563E+00
     1.8500   -9.099951E-02  1.304535E-01  1.019677E+01
     1.9000   -1.176887E-01  1.361669E-01  1.046853E+01
     1.9500   -1.360876E-01  1.401840E-01  1.075323E+01
     2.0000   -1.428957E-01  1.430004E-01  1.103385E+01
     2.0500   -1.351339E-01  1.438318E-01  1.134512E+01
     2.1000   -1.135915E-01  1.435616E-01  1.165354E+01
     2.1500   -8.115839E-02  1.422815E-01  1.195937E+01
     2.2000   -4.186797E-02  1.400898E-01  1.226287E+01
     2.2500    8.804061E-03  1.350467E-01  1.263161E+01
     2.3000    5.407079E-02  1.292667E-01  1.299793E+01
     2.3500    8.774380E-02  1.228670E-01  1.336176E+01
     2.4000    1.061608E-01  1.159645E-01  1.372302E+01
     2.4500    1.073579E-01  1.075358E-01  1.407964E+01
     2.5000    9.470852E-02  9.896935E-02  1.443166E+01
     2.5500    7.241980E-02  9.033000E-02  1.477779E+01
     2.6000    4.556989E-02  8.169280E-02  1.511621E+01
     2.6500    2.085134E-02  7.905493E-02  1.544105E+01
     2.7000   -4.124596E-03  7.634716E-02  1.576201E+01
     2.7500   -2.666429E-02  7.359077E-02  1.607873E+01
     2.8000   -4.468039E-02  7.081088E-02  1.639078E+01
     2.8500   -5.842647E-02  7.000779E-02  1.669532E+01
     2.9000   -6.620644E-02  6.900137E-02  1.699317E+01
     2.9500   -6.782241E-02  6.782337E-02  1.728409E+01
     3.0000   -6.375560E-02  6.651468E-02  1.756780E+01
     3.0500   -5.481144E-02  6.483457E-02  1.784223E+01
     3.1000   -4.252994E-02  6.294396E-02  1.810767E+01
     3.1500   -2.846868E-02  6.092265E-02  1.836333E+01
     3.2000   -1.405552E-02  5.886472E-02  1.860845E+01
     3.2500   -5.375575E-04  5.605600E-02  1.883997E+01
     3.3000    1.104624E-02  5.335187E-02  1.905811E+01
     3.3500    2.040416E-02  5.090464E-02  1.926198E+01
     3.4000    2.767952E-02  4.887680E-02  1.945158E+01
     3.4500    3.287007E-02  4.689502E-02  1.962625E+01
     3.5000    3.684564E-02  4.562499E-02  1.978959E+01
     3.5500    4.018852E-02  4.516896E-02  1.994633E+01
     3.6000    4.327785E-02  4.555924E-02  2.010255E+01
     3.6500    4.553623E-02  4.611114E-02  2.026228E+01
     3.7000    4.732812E-02  4.733101E-02  2.043139E+01
     3.7500    4.815258E-02  4.905741E-02  2.061271E+01
     3.8000    4.734170E-02  5.111734E-02  2.080711E+01
     3.8500    4.401458E-02  5.308642E-02  2.101363E+01
     3.9000    3.791399E-02  5.503962E-02  2.123125E+01
     3.9500    2.888422E-02  5.686220E-02  2.145832E+01
     4.0000    1.716245E-02  5.846425E-02  2.169321E+01
     4.0500    3.319190E-03  5.923570E-02  2.193509E+01
     4.1000   -1.128609E-02  5.962536E-02  2.218158E+01
     4.1500   -2.541071E-02  5.961415E-02  2.243150E+01
     4.2000   -3.780111E-02  5.919803E-02  2.268377E+01
     4.2500   -4.715437E-02  5.815077E-02  2.293683E+01
     4.3000   -5.283591E-02  5.671127E-02  2.319012E+01
     4.3500   -5.452666E-02  5.491623E-02  2.344276E+01
     4.4000   -5.235107E-02  5.281038E-02  2.369393E+01
     4.4500   -4.669226E-02  5.023451E-02  2.393972E+01
     4.5000   -3.863165E-02  4.746081E-02  2.418179E+01
     4.5500   -2.916502E-02  4.455727E-02  2.441915E+01
     4.6000   -1.927835E-02  4.159464E-02  2.465082E+01
     4.6500   -1.008446E-02  3.859701E-02  2.486840E+01
     4.7000   -1.969220E-03  3.569414E-02  2.507754E+01
     4.7500    4.755251E-03  3.295742E-02  2.527753E+01
     4.8000    1.002213E-02  3.045057E-02  2.546812E+01
     4.8500    1.365892E-02  2.827664E-02  2.563687E+01
     4.9000    1.630296E-02  2.643085E-02  2.579743E+01
     4.9500    1.821840E-02  2.492359E-02  2.595248E+01
     5.0000    1.961797E-02  2.373611E-02  2.610561E+01
     5.0500    2.077222E-02  2.311389E-02  2.624951E+01
     5.1000    2.163004E-02  2.268632E-02  2.639718E+01
     5.1500    2.213890E-02  2.240011E-02  2.655067E+01
     5.2000    2.219765E-02  2.219830E-02  2.671121E+01
     5.2500    2.179608E-02  2.209176E-02  2.686733E+01
     5.3000    2.093363E-02  2.208134E-02  2.702737E+01
     5.3500    1.956532E-02  2.214564E-02  2.719109E+01
     5.4000    1.765907E-02  2.225998E-02  2.735811E+01
     5.4500    1.558525E-02  2.269604E-02  2.751740E+01
     5.5000    1.300991E-02  2.320935E-02  2.767929E+01
     5.5500    9.919430E-03  2.379134E-02  2.784426E+01
     5.6000    6.320123E-03  2.443136E-02  2.801267E+01
     5.6500    2.109530E-03  2.577713E-02  2.819241E+01
     5.7000   -2.859237E-03  2.723760E-02  2.837950E+01
     5.7500   -8.494138E-03  2.877765E-02  2.857396E+01
     5.8000   -1.458519E-02  3.035940E-02  2.877546E+01
     5.8500   -2.151312E-02  3.231984E-02  2.900267E+01
     5.9000   -2.809084E-02  3.422615E-02  2.923704E+01
     5.9500   -3.361751E-02  3.602389E-02  2.947755E+01
     6.0000   -3.738160E-02  3.766098E-02  2.972325E+01
     6.0500   -3.856416E-02  3.901384E-02  2.999711E+01
     6.1000   -3.645118E-02  4.008567E-02  3.027425E+01
     6.1500   -3.099964E-02  4.083447E-02  3.055391E+01
     6.2000   -2.261035E-02  4.122305E-02  3.083537E+01
     6.2500   -1.210334E-02  4.121951E-02  3.111790E+01
     6.3000   -6.187764E-04  4.079779E-02  3.140076E+01
     6.3500    1.054419E-02  3.993835E-02  3.168311E+01
     6.4000    2.012571E-02  3.862884E-02  3.196395E+01
     6.4500    2.710685E-02  3.686511E-02  3.224203E+01
     6.5000    3.087803E-02  3.465259E-02  3.251563E+01
     6.5500    3.113296E-02  3.170744E-02  3.279607E+01
     6.6000    2.836637E-02  2.845386E-02  3.306516E+01
     6.6500    2.361238E-02  2.495719E-02  3.331650E+01
     6.7000    1.815104E-02  2.132259E-02  3.353914E+01
     6.7500    1.324875E-02  1.773323E-02  3.371381E+01
     6.8000    9.899668E-03  1.453470E-02  3.380825E+01
     6.8500    8.618789E-03  1.237085E-02  3.378673E+01
     6.9000    9.329406E-03  1.210326E-02  3.367740E+01
     6.9500    1.137027E-02  1.402116E-02  3.361177E+01
     7.0000    1.362544E-02  1.750226E-02  3.366525E+01
     7.0500    1.438192E-02  2.161174E-02  3.382940E+01
     7.1000    1.264088E-02  2.601574E-02  3.405013E+01
     7.1500    7.622212E-03  3.048611E-02  3.430482E+01
     7.2000   -8.054154E-04  3.488426E-02  3.458061E+01
     7.2500   -1.202931E-02  3.911493E-02  3.487012E+01
     7.3000   -2.474289E-02  4.310586E-02  3.516891E+01
     7.3500   -3.713686E-02  4.679855E-02  3.547414E+01
     7.4000   -4.719980E-02  5.014391E-02  3.578394E+01
     7.4500   -5.307424E-02  5.310025E-02  3.609701E+01
     7.5000   -5.340240E-02  5.563226E-02  3.641240E+01
     7.5500   -4.703888E-02  5.726759E-02  3.673527E+01
     7.6000   -3.489086E-02  5.841481E-02  3.705899E+01
     7.6500   -1.835803E-02  5.906658E-02  3.738307E+01
     7.7000    4.728066E-04  5.922146E-02  3.770710E+01
     7.7500    1.916497E-02  5.888389E-02  3.803062E+01
     7.8000    3.532848E-02  5.806420E-02  3.835320E+01
     7.8500    4.700328E-02  5.677864E-02  3.867435E+01
     7.9000    5.295962E-02  5.504949E-02  3.899348E+01
     7.9500    5.286287E-02  5.290520E-02  3.930991E+01
     8.0000    4.727644E-02  5.038073E-02  3.962278E+01
     8.0500    3.724815E-02  4.736061E-02  3.993562E+01
     8.1000    2.484316E-02  4.408420E-02  4.024204E+01
     8.1500    1.202746E-02  4.061518E-02  4.054006E+01
     8.2000    5.077029E-04  3.702912E-02  4.082699E+01
     8.2500   -8.542121E-03  3.341775E-02  4.109919E+01
     8.3000   -1.462362E-02  2.989556E-02  4.135183E+01
     8.3500   -1.790647E-02  2.660877E-02  4.157890E+01
     8.4000   -1.908192E-02  2.374413E-02  4.177410E+01
     8.4500   -1.911721E-02  2.152713E-02  4.193379E+01
     8.5000   -1.897018E-02  2.018681E-02  4.206255E+01
     8.5500   -1.941466E-02  1.991781E-02  4.218625E+01
     8.6000   -2.053658E-02  2.061963E-02  4.232172E+01
     8.6500   -2.203420E-02  2.209631E-02  4.248650E+01
     8.7000   -2.318402E-02  2.408676E-02  4.268615E+01
     8.7500   -2.304425E-02  2.634908E-02  4.291774E+01
     8.8000   -2.072272E-02  2.869308E-02  4.317529E+01
     8.8500   -1.564529E-02  3.097896E-02  4.345288E+01
     8.9000   -7.760905E-03  3.310581E-02  4.374567E+01
     8.9500    2.366537E-03  3.500064E-02  4.404996E+01
     9.0000    1.360429E-02  3.661046E-02  4.436302E+01
     9.0500    2.467512E-02  3.796601E-02  4.468979E+01
     9.1000    3.358930E-02  3.897191E-02  4.502127E+01
     9.1500    3.884610E-02  3.961021E-02  4.535635E+01
     9.2000    3.947409E-02  3.987001E-02  4.569414E+01
     9.2500    3.524048E-02  3.974670E-02  4.603389E+01
     9.3000    2.671711E-02  3.924122E-02  4.637498E+01
     9.3500    1.518737E-02  3.835972E-02  4.671682E+01
     9.4000    2.411944E-03  3.711311E-02  4.705885E+01
     9.4500   -9.698805E-03  3.551680E-02  4.740048E+01
     9.5000   -1.943825E-02  3.359048E-02  4.774100E+01
     9.5500   -2.572526E-02  3.145515E-02  4.808154E+01
     9.6000   -2.792083E-02  2.902173E-02  4.841837E+01
     9.6500   -2.628154E-02  2.632128E-02  4.874964E+01
     9.7000   -2.174182E-02  2.339154E-02  4.907250E+01
     9.7500   -1.567289E-02  2.027991E-02  4.938220E+01
     9.8000   -9.559146E-03  1.705049E-02  4.967033E+01
     9.8500   -4.663918E-03  1.380153E-02  4.992077E+01
     9.9000   -1.758399E-03  1.071273E-02  5.010060E+01
     9.9500   -9.724794E-04  8.173968E-03  5.014623E+01
    10.0000   -1.798978E-03  6.987209E-03  5.000508E+01
    10.0500   -3.389537E-03  8.007374E-03  4.982840E+01
    10.1000   -4.364506E-03  1.064924E-02  4.984320E+01
    10.1500   -3.560067E-03  1.401843E-02  5.000871E+01
    10.2000   -2.222980E-04  1.766230E-02  5.025290E+01
    10.2500    5.758262E-03  2.137633E-02  5.053823E+01
    10.3000    1.375459E-02  2.505009E-02  5.084675E+01
    10.3500    2.247965E-02  2.861098E-02  5.116931E+01
    10.4000    3.022046E-02  3.200402E-02  5.150085E+01
    10.4500    3.518387E-02  3.518395E-02  5.183839E+01
    10.5000    3.588236E-02  3.811195E-02  5.218002E+01
    10.5500    3.147770E-02  4.075418E-02  5.252450E+01
    10.6000    2.200753E-02  4.308118E-02  5.287091E+01
    10.6500    8.442872E-03  4.506769E-02  5.321862E+01
    10.7000   -7.440545E-03  4.669259E-02  5.356711E+01
    10.7500   -2.335544E-02  4.793901E-02  5.391595E+01
    10.8000   -3.690463E-02  4.879440E-02  5.426476E+01
    10.8500   -4.601203E-02  4.925068E-02  5.461320E+01
    10.9000   -4.929728E-02  4.930436E-02  5.496093E+01
    10.9500   -4.631994E-02  4.895668E-02  5.530757E+01
    11.0000   -3.764548E-02  4.821370E-02  5.565272E+01
    11.0500   -2.498774E-02  4.726734E-02  5.599166E+01
    11.1000   -1.004041E-02  4.592187E-02  5.632825E+01
    11.1500    4.987345E-03  4.419464E-02  5.666176E+01
    11.2000    1.803572E-02  4.210949E-02  5.699128E+01
    11.2500    2.754764E-02  3.969748E-02  5.731561E+01
    11.3000    3.270771E-02  3.699807E-02  5.763310E+01
    11.3500    3.352289E-02  3.406111E-02  5.794146E+01
    11.4000    3.073508E-02  3.095019E-02  5.823743E+01
    11.4500    2.559128E-02  2.774839E-02  5.851637E+01
    11.5000    1.952649E-02  2.456804E-02  5.877160E+01
    11.5500    1.383131E-02  2.156630E-02  5.899402E+01
    11.6000    9.377772E-03  1.896536E-02  5.917304E+01
    11.6500    6.461904E-03  1.706097E-02  5.930181E+01
    11.7000    4.794011E-03  1.616942E-02  5.938925E+01
    11.7500    3.634023E-03  1.647079E-02  5.946780E+01
    11.8000    2.036194E-03  1.787044E-02  5.957607E+01
    11.8500   -8.569655E-04  2.006832E-02  5.973298E+01
    11.9000   -5.542507E-03  2.273708E-02  5.993651E+01
    11.9500   -1.197230E-02  2.561693E-02  6.017656E+01
    12.0000   -1.950123E-02  2.852261E-02  6.044310E+01
    12.0500   -2.684656E-02  3.127539E-02  6.072239E+01
    12.1000   -3.281584E-02  3.383306E-02  6.101522E+01
    12.1500   -3.606486E-02  3.612278E-02  6.131769E+01
    12.2000   -3.556641E-02  3.808850E-02  6.162701E+01
    12.2500   -3.085864E-02  3.968677E-02  6.194109E+01
    12.3000   -2.218399E-02  4.088433E-02  6.225832E+01
    12.3500   -1.048566E-02  4.165683E-02  6.257740E+01
    12.4000    2.741308E-03  4.198819E-02  6.289719E+01
    12.4500    1.571499E-02  4.187044E-02  6.321660E+01
    12.5000    2.669329E-02  4.130383E-02  6.353454E+01
    12.5500    3.429372E-02  4.029736E-02  6.384977E+01
    12.6000    3.773893E-02  3.886965E-02  6.416086E+01
    12.6500    3.697628E-02  3.705051E-02  6.446596E+01
    12.7000    3.264687E-02  3.488341E-02  6.476268E+01
    12.7500    2.591236E-02  3.242966E-02  6.504776E+01
    12.8000    1.817898E-02  2.977524E-02  6.531670E+01
    12.8500    1.078072E-02  2.704197E-02  6.556338E+01
    12.9000    4.693041E-03  2.440415E-02  6.577994E+01
    12.9500    3.414357E-04  2.210834E-02  6.595800E+01
    13.0000   -2.451816E-03  2.047848E-02  6.609346E+01
    13.0500   -4.342033E-03  1.981467E-02  6.619437E+01
    13.1000   -6.302666E-03  2.037677E-02  6.628791E+01
    13.1500   -9.259633E-03  2.213751E-02  6.640499E+01
    13.2000   -1.381900E-02  2.485899E-02  6.656289E+01
    13.2500   -2.003904E-02  2.823911E-02  6.676240E+01
    13.3000   -2.732787E-02  3.201242E-02  6.699643E+01
    13.3500   -3.449733E-02  3.597438E-02  6.725669E+01
    13.4000   -3.997017E-02  3.997141E-02  6.753635E+01
    13.4500   -4.210242E-02  4.388583E-02  6.783030E+01
    13.5000   -3.955598E-02  4.762429E-02  6.813488E+01
    13.5500   -3.164189E-02  5.111040E-02  6.844746E+01
    13.6000   -1.855757E-02  5.428021E-02  6.876612E+01
    13.6500   -1.460034E-03  5.707956E-02  6.908946E+01
    13.7000    1.765058E-02  5.946256E-02  6.941642E+01
    13.7500    3.622423E-02  6.139071E-02  6.974617E+01
    13.8000    5.158106E-02  6.283246E-02  7.007808E+01
    13.8500    6.138016E-02  6.376293E-02  7.041159E+01
    13.9000    6.404670E-02  6.416382E-02  7.074627E+01
    13.9500    5.907230E-02  6.402339E-02  7.108169E+01
    14.0000    4.712719E-02  6.333639E-02  7.141748E+01
    14.0500    2.993034E-02  6.196333E-02  7.175252E+01
    14.1000    1.013255E-02  6.006250E-02  7.208712E+01
    14.1500   -9.423920E-03  5.765156E-02  7.242083E+01
    14.2000   -2.608050E-02  5.475450E-02  7.275309E+01
    14.2500   -3.781131E-02  5.140160E-02  7.308319E+01
    14.3000   -4.354315E-02  4.762962E-02  7.341017E+01
    14.3500   -4.328719E-02  4.348231E-02  7.373266E+01
    14.4000   -3.806105E-02  3.901149E-02  7.404862E+01
    14.4500   -2.962174E-02  3.427954E-02  7.435482E+01
    14.5000   -2.006765E-02  2.936487E-02  7.464583E+01
    14.5500   -1.139281E-02  2.437474E-02  7.491187E+01
    14.6000   -5.085320E-03  1.947744E-02  7.513407E+01
    14.6500   -1.850643E-03  1.498838E-02  7.527444E+01
    14.7000   -1.513975E-03  1.158402E-02  7.526715E+01
    14.7500   -3.117448E-03  1.047096E-02  7.509592E+01
    14.8000   -5.187437E-03  1.224957E-02  7.496094E+01
    14.8500   -6.111782E-03  1.587182E-02  7.500294E+01
    14.9000   -4.544350E-03  2.023188E-02  7.517168E+01
    14.9500    2.507458E-04  2.478429E-02  7.540834E+01
    15.0000    8.189593E-03  2.927264E-02  7.568178E+01
    15.0500    1.831370E-02  3.351179E-02  7.597639E+01
    15.1000    2.899580E-02  3.744333E-02  7.628398E+01
    15.1500    3.824074E-02  4.100314E-02  7.659986E+01
    15.2000    4.409189E-02  4.414245E-02  7.692115E+01
    15.2500    4.503877E-02  4.682332E-02  7.724599E+01
    15.3000    4.034296E-02  4.901664E-02  7.757306E+01
    15.3500    3.021487E-02  5.070111E-02  7.790138E+01
    15.4000    1.580470E-02  5.186283E-02  7.823015E+01
    15.4500   -9.902952E-04  5.249521E-02  7.855868E+01
    15.5000   -1.786290E-02  5.259894E-02  7.888631E+01
    15.5500   -3.250863E-02  5.218214E-02  7.921237E+01
    15.6000   -4.303100E-02  5.126067E-02  7.953609E+01
    15.6500   -4.825892E-02  4.985854E-02  7.985662E+01
    15.7000   -4.791554E-02  4.800856E-02  8.017287E+01
    15.7500   -4.260925E-02  4.575347E-02  8.048350E+01
    15.8000   -3.365527E-02  4.314759E-02  8.078674E+01
    15.8500   -2.277058E-02  4.025958E-02  8.108026E+01
    15.9000   -1.171066E-02  3.717663E-02  8.136095E+01
    15.9500   -1.926225E-03  3.401098E-02  8.162474E+01
    16.0000    5.688061E-03  3.090915E-02  8.186649E+01
    16.0500    1.088174E-02  2.802155E-02  8.208023E+01
    16.1000    1.405344E-02  2.563774E-02  8.226157E+01
    16.1500    1.602079E-02  2.403115E-02  8.241114E+01
    16.2000    1.773819E-02  2.344190E-02  8.253964E+01
    16.2500    1.999093E-02  2.397463E-02  8.266743E+01
    16.3000    2.314153E-02  2.554093E-02  8.281528E+01
    16.3500    2.698936E-02  2.790981E-02  8.299467E+01
    16.4000    3.077826E-02  3.080998E-02  8.320682E+01
    16.4500    3.335358E-02  3.399912E-02  8.344738E+01
    16.5000    3.343536E-02  3.728446E-02  8.371060E+01
    16.5500    2.994729E-02  4.051833E-02  8.399126E+01
    16.6000    2.232701E-02  4.358768E-02  8.428522E+01
    16.6500    1.074499E-02  4.640477E-02  8.458933E+01
    16.7000   -3.822312E-03  4.890056E-02  8.490125E+01
    16.7500   -1.968970E-02  5.102034E-02  8.521921E+01
    16.8000   -3.471870E-02  5.272094E-02  8.554187E+01
    16.8500   -4.668523E-02  5.396892E-02  8.586823E+01
    16.9000   -5.368776E-02  5.473943E-02  8.619746E+01
    16.9500   -5.451398E-02  5.501541E-02  8.652891E+01
    17.0000   -4.888993E-02  5.478710E-02  8.686204E+01
    17.0500   -3.752482E-02  5.400850E-02  8.719646E+01
    17.1000   -2.212231E-02  5.272815E-02  8.753164E+01
    17.1500   -4.957633E-03  5.095719E-02  8.786715E+01
    17.2000    1.148144E-02  4.871273E-02  8.820253E+01
    17.2500    2.493555E-02  4.601762E-02  8.853725E+01
    17.3000    3.376632E-02  4.290025E-02  8.887067E+01
    17.3500    3.722401E-02  3.939440E-02  8.920190E+01
    17.4000    3.553876E-02  3.553934E-02  8.952969E+01
    17.4500    2.982000E-02  3.138031E-02  8.985206E+01
    17.5000    2.178720E-02  2.697004E-02  9.016573E+01
    17.5500    1.338935E-02  2.237287E-02  9.046460E+01
    17.6000    6.392467E-03  1.767625E-02  9.073616E+01
    17.6500    2.020254E-03  1.302817E-02  9.095049E+01
    17.7000    7.210281E-04  8.785148E-03  9.102402E+01
    17.7500    2.107330E-03  6.127100E-03  9.075508E+01
    17.8000    5.078283E-03  7.173475E-03  9.031963E+01
    17.8500    8.096659E-03  1.083743E-02  9.026250E+01
    17.9000    9.560500E-03  1.523151E-02  9.042762E+01
    17.9500    8.189658E-03  1.974134E-02  9.067841E+01
    18.0000    3.344758E-03  2.415781E-02  9.096729E+01
    18.0500   -4.791644E-03  2.836654E-02  9.127592E+01
    18.1000   -1.519345E-02  3.230718E-02  9.159580E+01
    18.1500   -2.618112E-02  3.592953E-02  9.192258E+01
    18.2000   -3.573578E-02  3.919312E-02  9.225380E+01
    18.2500   -4.189804E-02  4.206470E-02  9.258794E+01
    18.3000   -4.316610E-02  4.451715E-02  9.292398E+01
    18.3500   -3.881188E-02  4.652909E-02  9.326120E+01
    18.4000   -2.905105E-02  4.808473E-02  9.359906E+01
    18.4500   -1.503235E-02  4.917377E-02  9.393711E+01
    18.5000    1.352061E-03  4.979149E-02  9.427494E+01
    18.5500    1.779718E-02  4.993871E-02  9.461217E+01
    18.6000    3.199133E-02  4.962182E-02  9.494841E+01
    18.6500    4.201805E-02  4.885279E-02  9.528324E+01
    18.7000    4.667617E-02  4.764922E-02  9.561614E+01
    18.7500    4.565824E-02  4.603443E-02  9.594651E+01
    18.8000    3.955705E-02  4.403761E-02  9.627359E+01
    18.8500    2.970493E-02  4.169416E-02  9.659639E+01
    18.9000    1.788402E-02  3.904633E-02  9.691361E+01
    18.9500    5.970114E-03  3.614437E-02  9.722344E+01
    19.0000   -4.416102E-03  3.304851E-02  9.752340E+01
    19.0500   -1.219358E-02  2.982817E-02  9.781050E+01
    19.1000   -1.691734E-02  2.658059E-02  9.807927E+01
    19.1500   -1.882701E-02  2.342795E-02  9.832271E+01
    19.2000   -1.868087E-02  2.053618E-02  9.853183E+01
    19.2500   -1.750740E-02  1.812984E-02  9.869737E+01
    19.3000   -1.631550E-02  1.648529E-02  9.881652E+01
    19.3500   -1.583048E-02  1.585552E-02  9.890396E+01
    19.4000   -1.631475E-02  1.632378E-02  9.899342E+01
    19.4500   -1.751210E-02  1.773041E-02  9.911726E+01
    19.5000   -1.872568E-02  1.977800E-02  9.928784E+01
    19.5500   -1.900983E-02  2.217666E-02  9.950116E+01
    19.6000   -1.743018E-02  2.470457E-02  9.974777E+01
    19.6500   -1.333113E-02  2.720540E-02  1.000189E+02
    19.7000   -6.548404E-03  2.956973E-02  1.003077E+02
    19.7500    2.484217E-03  3.171934E-02  1.006094E+02
    19.8000    1.276125E-02  3.359696E-02  1.009206E+02
    19.8500    2.286337E-02  3.516001E-02  1.012389E+02
    19.9000    3.121610E-02  3.637697E-02  1.015626E+02
    19.9500    3.639606E-02  3.722506E-02  1.018903E+02
    20.0000    3.742067E-02  3.768896E-02  1.022212E+02
