# Null title                                   Feff8L (EXAFS)       0.1      
# POT  Non-SCF, core-hole, AFOLP (folp(0)= 1.150)
# Abs   Z=78 Rmt= 1.464 Rnm= 1.499 L3 shell
# Pot 1 Z=78 Rmt= 1.477 Rnm= 1.515
# Gam_ch=5.171E+00 H-L exch
# Mu=-2.715E-01 kf=2.035E+00 Vint=-1.605E+01 Rs_int= 1.782
# PATH  Rmax= 5.000,  Keep_limit= 0.00, Heap_limit 0.00  Pwcrit= 2.50%
#  S02=1.000                                        Global_sig2= 0.00000
#  Curved wave amplitude ratio filter   4.000%
#     file         sig2 tot  cw amp ratio   deg  nlegs   reff  inp sig2
#           1       0.00000    100.00     12.00     2   2.7748
#           2       0.00000     25.11      6.00     2   3.9242
#           3       0.00000     14.84     48.00     3   4.1622
#           4       0.00000      5.81     48.00     3   4.7369
#           5       0.00000     59.98     24.00     2   4.8061
#     5/   5 paths used
#  xsedge+50, used to normalize mu           3.9222E-04
#  -----------------------------------------------------------------------
#  omega    e    k    mu    mu0     chi     @#
   11563.072     -0.271   0.000  5.76923E-01  5.70123E-01  5.45359E-03
   11563.081     -0.262   0.050  5.77025E-01  5.72935E-01  3.28315E-03
   11563.110     -0.233   0.100  5.77139E-01  5.75747E-01  1.11852E-03
   11563.157     -0.186   0.150  5.77426E-01  5.83984E-01 -5.28440E-03
   11563.224     -0.119   0.200  5.77833E-01  5.92220E-01 -1.16281E-02
   11563.310     -0.033   0.250  5.78653E-01  6.05638E-01 -2.19139E-02
   11563.415      0.071   0.300  5.79841E-01  6.19056E-01 -3.19973E-02
   11563.538      0.195   0.350  5.81716E-01  6.37093E-01 -4.54726E-02
   11563.681      0.338   0.400  5.84401E-01  6.55130E-01 -5.84506E-02
   11563.843      0.500   0.450  5.87684E-01  6.76612E-01 -7.40594E-02
   11564.024      0.681   0.500  5.92442E-01  6.98095E-01 -8.86741E-02
   11564.224      0.881   0.550  5.97714E-01  7.21176E-01 -1.04535E-01
   11564.443      1.100   0.600  6.05384E-01  7.44257E-01 -1.18631E-01
   11564.681      1.338   0.650  6.13012E-01  7.66734E-01 -1.32575E-01
   11564.939      1.595   0.700  6.24084E-01  7.89210E-01 -1.43791E-01
   11565.215      1.872   0.750  6.34985E-01  8.09147E-01 -1.53182E-01
   11565.510      2.167   0.800  6.50317E-01  8.29083E-01 -1.58828E-01
   11565.824      2.481   0.850  6.65882E-01  8.45328E-01 -1.61056E-01
   11566.158      2.815   0.900  6.86502E-01  8.61573E-01 -1.58747E-01
   11566.510      3.167   0.950  7.08009E-01  8.73848E-01 -1.51885E-01
   11566.882      3.539   1.000  7.34470E-01  8.86122E-01 -1.40301E-01
   11567.272      3.929   1.050  7.62173E-01  8.94782E-01 -1.23864E-01
   11567.682      4.339   1.100  7.93704E-01  9.03441E-01 -1.03498E-01
   11568.110      4.767   1.150  8.25844E-01  9.09147E-01 -7.92728E-02
   11568.558      5.215   1.200  8.59539E-01  9.14852E-01 -5.31155E-02
   11569.025      5.682   1.250  8.92039E-01  9.18336E-01 -2.54599E-02
   11569.511      6.167   1.300  9.22900E-01  9.21821E-01  1.05339E-03
   11570.015      6.672   1.350  9.49712E-01  9.23755E-01  2.55210E-02
   11570.539      7.196   1.400  9.71420E-01  9.25689E-01  4.52912E-02
   11571.082      7.739   1.450  9.86079E-01  9.26629E-01  5.92435E-02
   11571.644      8.301   1.500  9.92954E-01  9.27569E-01  6.55649E-02
   11572.225      8.882   1.550  9.90765E-01  9.27950E-01  6.33102E-02
   11572.825      9.482   1.600  9.80110E-01  9.28332E-01  5.24553E-02
   11573.444     10.101   1.650  9.60686E-01  9.28476E-01  3.27616E-02
   11574.083     10.739   1.700  9.35028E-01  9.28621E-01  6.54285E-03
   11574.740     11.397   1.750  9.03972E-01  9.28758E-01 -2.53876E-02
   11575.416     12.073   1.800  8.71870E-01  9.28896E-01 -5.85812E-02
   11576.111     12.768   1.850  8.40771E-01  9.29182E-01 -9.09995E-02
   11576.826     13.483   1.900  8.15349E-01  9.29469E-01 -1.17689E-01
   11577.559     14.216   1.950  7.98272E-01  9.30094E-01 -1.36088E-01
   11578.312     14.968   2.000  7.92449E-01  9.30720E-01 -1.42896E-01
   11579.083     15.740   2.050  8.00494E-01  9.31264E-01 -1.35134E-01
   11579.874     16.531   2.100  8.21876E-01  9.31807E-01 -1.13592E-01
   11580.683     17.340   2.150  8.53802E-01  9.32351E-01 -8.11584E-02
   11581.512     18.169   2.200  8.92370E-01  9.32895E-01 -4.18680E-02
   11582.360     19.017   2.250  9.40891E-01  9.32359E-01  8.80406E-03
   11583.227     19.883   2.300  9.84289E-01  9.31823E-01  5.40708E-02
   11584.112     20.769   2.350  1.01653E+00  9.31287E-01  8.77438E-02
   11585.017     21.674   2.400  1.03402E+00  9.30751E-01  1.06161E-01
   11585.941     22.598   2.450  1.03426E+00  9.29720E-01  1.07358E-01
   11586.884     23.541   2.500  1.02102E+00  9.28690E-01  9.47085E-02
   11587.846     24.503   2.550  9.98335E-01  9.27659E-01  7.24198E-02
   11588.827     25.484   2.600  9.71149E-01  9.26628E-01  4.55699E-02
   11589.827     26.484   2.650  9.47898E-01  9.27461E-01  2.08513E-02
   11590.847     27.503   2.700  9.24237E-01  9.28293E-01 -4.12460E-03
   11591.885     28.542   2.750  9.02821E-01  9.29125E-01 -2.66643E-02
   11592.942     29.599   2.800  8.85738E-01  9.29958E-01 -4.46804E-02
   11594.018     30.675   2.850  8.74057E-01  9.32001E-01 -5.84265E-02
   11595.114     31.770   2.900  8.68248E-01  9.34044E-01 -6.62064E-02
   11596.228     32.885   2.950  8.68545E-01  9.36087E-01 -6.78224E-02
   11597.362     34.018   3.000  8.74507E-01  9.38130E-01 -6.37556E-02
   11598.514     35.171   3.050  8.84330E-01  9.39091E-01 -5.48114E-02
   11599.686     36.342   3.100  8.97512E-01  9.40051E-01 -4.25299E-02
   11600.876     37.533   3.150  9.12504E-01  9.41012E-01 -2.84687E-02
   11602.086     38.743   3.200  9.27881E-01  9.41972E-01 -1.40555E-02
   11603.315     39.971   3.250  9.42822E-01  9.43361E-01 -5.37557E-04
   11604.562     41.219   3.300  9.55826E-01  9.44749E-01  1.10462E-02
   11605.829     42.486   3.350  9.66601E-01  9.46137E-01  2.04042E-02
   11607.115     43.772   3.400  9.75289E-01  9.47526E-01  2.76795E-02
   11608.420     45.077   3.450  9.80463E-01  9.47513E-01  3.28701E-02
   11609.744     46.401   3.500  9.84413E-01  9.47501E-01  3.68456E-02
   11611.087     47.744   3.550  9.87725E-01  9.47488E-01  4.01885E-02
   11612.449     49.106   3.600  9.90779E-01  9.47476E-01  4.32778E-02
   11613.830     50.487   3.650  9.93271E-01  9.47768E-01  4.55362E-02
   11615.230     51.887   3.700  9.95292E-01  9.48061E-01  4.73281E-02
   11616.650     53.306   3.750  9.96343E-01  9.48353E-01  4.81526E-02
   11618.088     54.745   3.800  9.95765E-01  9.48646E-01  4.73417E-02
   11619.545     56.202   3.850  9.91386E-01  9.47667E-01  4.40146E-02
   11621.022     57.678   3.900  9.84271E-01  9.46688E-01  3.79140E-02
   11622.517     59.174   3.950  9.74284E-01  9.45709E-01  2.88842E-02
   11624.031     60.688   4.000  9.61674E-01  9.44730E-01  1.71624E-02
   11625.565     62.222   4.050  9.47113E-01  9.43844E-01  3.31919E-03
   11627.118     63.774   4.100  9.31868E-01  9.42957E-01 -1.12861E-02
   11628.689     65.346   4.150  9.17163E-01  9.42071E-01 -2.54107E-02
   11630.280     66.937   4.200  9.04220E-01  9.41184E-01 -3.78011E-02
   11631.890     68.546   4.250  8.93896E-01  9.39890E-01 -4.71544E-02
   11633.518     70.175   4.300  8.87190E-01  9.38596E-01 -5.28359E-02
   11635.166     71.823   4.350  8.84384E-01  9.37301E-01 -5.45267E-02
   11636.833     73.490   4.400  8.85330E-01  9.36007E-01 -5.23511E-02
   11638.519     75.176   4.450  8.89513E-01  9.34598E-01 -4.66923E-02
   11640.224     76.881   4.500  8.95982E-01  9.33188E-01 -3.86316E-02
   11641.948     78.605   4.550  9.03761E-01  9.31778E-01 -2.91650E-02
   11643.691     80.348   4.600  9.11897E-01  9.30369E-01 -1.92784E-02
   11645.453     82.110   4.650  9.19692E-01  9.29331E-01 -1.00845E-02
   11647.234     83.891   4.700  9.26416E-01  9.28294E-01 -1.96922E-03
   11649.034     85.691   4.750  9.31781E-01  9.27257E-01  4.75525E-03
   11650.854     87.511   4.800  9.35731E-01  9.26220E-01  1.00221E-02
   11652.692     89.349   4.850  9.37990E-01  9.25055E-01  1.36589E-02
   11654.549     91.206   4.900  9.39295E-01  9.23891E-01  1.63030E-02
   11656.426     93.083   4.950  9.39903E-01  9.22727E-01  1.82184E-02
   11658.321     94.978   5.000  9.40017E-01  9.21563E-01  1.96180E-02
   11660.236     96.893   5.050  9.40319E-01  9.20816E-01  2.07722E-02
   11662.169     98.826   5.100  9.40339E-01  9.20070E-01  2.16300E-02
   11664.122    100.779   5.150  9.40030E-01  9.19324E-01  2.21389E-02
   11666.094    102.750   5.200  9.39298E-01  9.18577E-01  2.21976E-02
   11668.084    104.741   5.250  9.38232E-01  9.17920E-01  2.17961E-02
   11670.094    106.751   5.300  9.36739E-01  9.17263E-01  2.09336E-02
   11672.123    108.780   5.350  9.34778E-01  9.16606E-01  1.95653E-02
   11674.171    110.828   5.400  9.32322E-01  9.15948E-01  1.76591E-02
   11676.238    112.895   5.450  9.29781E-01  9.15352E-01  1.55853E-02
   11678.324    114.980   5.500  9.26782E-01  9.14755E-01  1.30099E-02
   11680.429    117.086   5.550  9.23315E-01  9.14158E-01  9.91943E-03
   11682.553    119.210   5.600  9.19387E-01  9.13561E-01  6.32012E-03
   11684.696    121.353   5.650  9.15092E-01  9.13150E-01  2.10953E-03
   11686.858    123.515   5.700  9.10110E-01  9.12739E-01 -2.85924E-03
   11689.039    125.696   5.750  9.04528E-01  9.12328E-01 -8.49414E-03
   11691.240    127.896   5.800  8.98540E-01  9.11917E-01 -1.45852E-02
   11693.459    130.116   5.850  8.91740E-01  9.11448E-01 -2.15131E-02
   11695.697    132.354   5.900  8.85277E-01  9.10980E-01 -2.80908E-02
   11697.955    134.611   5.950  8.79788E-01  9.10511E-01 -3.36175E-02
   11700.231    136.888   6.000  8.75920E-01  9.10043E-01 -3.73816E-02
   11702.527    139.183   6.050  8.74336E-01  9.09504E-01 -3.85642E-02
   11704.841    141.498   6.100  8.75757E-01  9.08966E-01 -3.64512E-02
   11707.175    143.832   6.150  8.80213E-01  9.08428E-01 -3.09996E-02
   11709.527    146.184   6.200  8.87330E-01  9.07890E-01 -2.26103E-02
   11711.899    148.556   6.250  8.96357E-01  9.07351E-01 -1.21033E-02
   11714.290    150.947   6.300  9.06251E-01  9.06813E-01 -6.18776E-04
   11716.700    153.357   6.350  9.15834E-01  9.06275E-01  1.05442E-02
   11719.129    155.785   6.400  9.23965E-01  9.05736E-01  2.01257E-02
   11721.577    158.233   6.450  9.29726E-01  9.05198E-01  2.71068E-02
   11724.043    160.700   6.500  9.32573E-01  9.04660E-01  3.08780E-02
   11726.529    163.186   6.550  9.32142E-01  9.04020E-01  3.11330E-02
   11729.035    165.691   6.600  9.28985E-01  9.03381E-01  2.83664E-02
   11731.559    168.215   6.650  9.24038E-01  9.02741E-01  2.36124E-02
   11734.102    170.759   6.700  9.18460E-01  9.02102E-01  1.81510E-02
   11736.664    173.321   6.750  9.13394E-01  9.01463E-01  1.32488E-02
   11739.245    175.902   6.800  9.09732E-01  9.00823E-01  9.89967E-03
   11741.846    178.502   6.850  9.07934E-01  9.00184E-01  8.61879E-03
   11744.465    181.122   6.900  9.07927E-01  8.99544E-01  9.32941E-03
   11747.103    183.760   6.950  9.09113E-01  8.98905E-01  1.13703E-02
   11749.761    186.418   7.000  9.10489E-01  8.98265E-01  1.36254E-02
   11752.437    189.094   7.050  9.10576E-01  8.97680E-01  1.43819E-02
   11755.133    191.790   7.100  9.08423E-01  8.97094E-01  1.26409E-02
   11757.848    194.504   7.150  9.03336E-01  8.96509E-01  7.62221E-03
   11760.581    197.238   7.200  8.95202E-01  8.95923E-01 -8.05415E-04
   11763.334    199.991   7.250  8.84574E-01  8.95338E-01 -1.20293E-02
   11766.106    202.762   7.300  8.72624E-01  8.94753E-01 -2.47429E-02
   11768.896    205.553   7.350  8.60972E-01  8.94167E-01 -3.71369E-02
   11771.706    208.363   7.400  8.51414E-01  8.93582E-01 -4.71998E-02
   11774.535    211.192   7.450  8.45606E-01  8.92996E-01 -5.30742E-02
   11777.383    214.040   7.500  8.44752E-01  8.92411E-01 -5.34024E-02
   11780.250    216.907   7.550  8.49965E-01  8.91928E-01 -4.70389E-02
   11783.136    219.793   7.600  8.60331E-01  8.91445E-01 -3.48909E-02
   11786.041    222.698   7.650  8.74598E-01  8.90962E-01 -1.83580E-02
   11788.966    225.622   7.700  8.90901E-01  8.90479E-01  4.72807E-04
   11791.909    228.566   7.750  9.07067E-01  8.89997E-01  1.91650E-02
   11794.871    231.528   7.800  9.20969E-01  8.89514E-01  3.53285E-02
   11797.852    234.509   7.850  9.30865E-01  8.89031E-01  4.70033E-02
   11800.853    237.510   7.900  9.35666E-01  8.88548E-01  5.29596E-02
   11803.872    240.529   7.950  9.35079E-01  8.88065E-01  5.28629E-02
   11806.911    243.567   8.000  9.29611E-01  8.87583E-01  4.72764E-02
   11809.968    246.625   8.050  9.20199E-01  8.87100E-01  3.72481E-02
   11813.045    249.701   8.100  9.08683E-01  8.86616E-01  2.48432E-02
   11816.140    252.797   8.150  8.96812E-01  8.86133E-01  1.20275E-02
   11819.255    255.912   8.200  8.86101E-01  8.85650E-01  5.07703E-04
   11822.389    259.045   8.250  8.77590E-01  8.85167E-01 -8.54212E-03
   11825.541    262.198   8.300  8.71717E-01  8.84684E-01 -1.46236E-02
   11828.713    265.370   8.350  8.68330E-01  8.84201E-01 -1.79065E-02
   11831.904    268.561   8.400  8.66813E-01  8.83718E-01 -1.90819E-02
   11835.114    271.771   8.450  8.66306E-01  8.83235E-01 -1.91172E-02
   11838.343    275.000   8.500  8.65960E-01  8.82752E-01 -1.89702E-02
   11841.591    278.248   8.550  8.65007E-01  8.82183E-01 -1.94147E-02
   11844.858    281.515   8.600  8.63456E-01  8.81614E-01 -2.05366E-02
   11848.144    284.801   8.650  8.61573E-01  8.81045E-01 -2.20342E-02
   11851.449    288.106   8.700  8.60000E-01  8.80476E-01 -2.31840E-02
   11854.773    291.430   8.750  8.59565E-01  8.79907E-01 -2.30443E-02
   11858.117    294.774   8.800  8.61056E-01  8.79338E-01 -2.07227E-02
   11861.479    298.136   8.850  8.64974E-01  8.78769E-01 -1.56453E-02
   11864.860    301.517   8.900  8.71360E-01  8.78200E-01 -7.76091E-03
   11868.261    304.918   8.950  8.79715E-01  8.77631E-01  2.36654E-03
   11871.680    308.337   9.000  8.89037E-01  8.77061E-01  1.36043E-02
   11875.119    311.776   9.050  8.98054E-01  8.76349E-01  2.46751E-02
   11878.576    315.233   9.100  9.05163E-01  8.75636E-01  3.35893E-02
   11882.053    318.710   9.150  9.09047E-01  8.74924E-01  3.88461E-02
   11885.549    322.205   9.200  9.08862E-01  8.74212E-01  3.94741E-02
   11889.063    325.720   9.250  9.04412E-01  8.73499E-01  3.52405E-02
   11892.597    329.254   9.300  8.96207E-01  8.72787E-01  2.67171E-02
   11896.150    332.807   9.350  8.85378E-01  8.72074E-01  1.51874E-02
   11899.722    336.379   9.400  8.73473E-01  8.71362E-01  2.41194E-03
   11903.313    339.969   9.450  8.62165E-01  8.70649E-01 -9.69881E-03
   11906.923    343.579   9.500  8.52945E-01  8.69937E-01 -1.94382E-02
   11910.552    347.208   9.550  8.46736E-01  8.69207E-01 -2.57253E-02
   11914.200    350.856   9.600  8.44108E-01  8.68478E-01 -2.79208E-02
   11917.867    354.524   9.650  8.44827E-01  8.67748E-01 -2.62815E-02
   11921.553    358.210   9.700  8.48071E-01  8.67019E-01 -2.17418E-02
   11925.258    361.915   9.750  8.52641E-01  8.66289E-01 -1.56729E-02
   11928.982    365.639   9.800  8.57242E-01  8.65560E-01 -9.55915E-03
   11932.726    369.383   9.850  8.60775E-01  8.64831E-01 -4.66392E-03
   11936.488    373.145   9.900  8.62573E-01  8.64101E-01 -1.75840E-03
   11940.269    376.926   9.950  8.62527E-01  8.63372E-01 -9.72479E-04
   11944.070    380.727  10.000  8.61082E-01  8.62642E-01 -1.79898E-03
   11947.889    384.546  10.050  8.58948E-01  8.61886E-01 -3.38954E-03
   11951.728    388.385  10.100  8.57350E-01  8.61130E-01 -4.36451E-03
   11955.586    392.242  10.150  8.57293E-01  8.60374E-01 -3.56007E-03
   11959.462    396.119  10.200  8.59426E-01  8.59618E-01 -2.22298E-04
   11963.358    400.015  10.250  8.63836E-01  8.58862E-01  5.75826E-03
   11967.273    403.930  10.300  8.69976E-01  8.58106E-01  1.37546E-02
   11971.207    407.863  10.350  8.76734E-01  8.57349E-01  2.24796E-02
   11975.159    411.816  10.400  8.82630E-01  8.56593E-01  3.02205E-02
   11979.131    415.788  10.450  8.86124E-01  8.55837E-01  3.51839E-02
   11983.122    419.779  10.500  8.85942E-01  8.55081E-01  3.58824E-02
   11987.132    423.789  10.550  8.81375E-01  8.54325E-01  3.14777E-02
   11991.161    427.818  10.600  8.72464E-01  8.53569E-01  2.20075E-02
   11995.209    431.866  10.650  8.60056E-01  8.52813E-01  8.44287E-03
   11999.277    435.933  10.700  8.45680E-01  8.52057E-01 -7.44054E-03
   12003.363    440.020  10.750  8.31300E-01  8.51301E-01 -2.33554E-02
   12007.468    444.125  10.800  8.18969E-01  8.50545E-01 -3.69046E-02
   12011.592    448.249  10.850  8.10455E-01  8.49789E-01 -4.60120E-02
   12015.736    452.393  10.900  8.06927E-01  8.49032E-01 -4.92973E-02
   12019.898    456.555  10.950  8.08748E-01  8.48276E-01 -4.63199E-02
   12024.080    460.736  11.000  8.15423E-01  8.47520E-01 -3.76455E-02
   12028.280    464.937  11.050  8.25381E-01  8.46664E-01 -2.49877E-02
   12032.500    469.156  11.100  8.37264E-01  8.45807E-01 -1.00404E-02
   12036.738    473.395  11.150  8.49189E-01  8.44950E-01  4.98735E-03
   12040.996    477.653  11.200  8.59407E-01  8.44094E-01  1.80357E-02
   12045.273    481.929  11.250  8.66602E-01  8.43237E-01  2.75476E-02
   12049.568    486.225  11.300  8.70092E-01  8.42380E-01  3.27077E-02
   12053.883    490.540  11.350  8.69896E-01  8.41523E-01  3.35229E-02
   12058.217    494.874  11.400  8.66652E-01  8.40667E-01  3.07351E-02
   12062.570    499.227  11.450  8.61424E-01  8.39810E-01  2.55913E-02
   12066.942    503.599  11.500  8.55427E-01  8.38953E-01  1.95265E-02
   12071.333    507.990  11.550  8.49754E-01  8.38097E-01  1.38313E-02
   12075.743    512.400  11.600  8.45135E-01  8.37240E-01  9.37777E-03
   12080.172    516.829  11.650  8.41818E-01  8.36383E-01  6.46190E-03
   12084.620    521.277  11.700  8.39554E-01  8.35527E-01  4.79401E-03
   12089.087    525.744  11.750  8.37720E-01  8.34670E-01  3.63402E-03
   12093.574    530.230  11.800  8.35520E-01  8.33813E-01  2.03619E-03
   12098.079    534.736  11.850  8.32239E-01  8.32957E-01 -8.56966E-04
   12102.603    539.260  11.900  8.27463E-01  8.32100E-01 -5.54251E-03
   12107.147    543.804  11.950  8.21239E-01  8.31243E-01 -1.19723E-02
   12111.709    548.366  12.000  8.14108E-01  8.30386E-01 -1.95012E-02
   12116.291    552.947  12.050  8.07086E-01  8.29470E-01 -2.68466E-02
   12120.891    557.548  12.100  8.01223E-01  8.28554E-01 -3.28158E-02
   12125.511    562.168  12.150  7.97634E-01  8.27638E-01 -3.60649E-02
   12130.149    566.806  12.200  7.97166E-01  8.26722E-01 -3.55664E-02
   12134.807    571.464  12.250  8.00191E-01  8.25806E-01 -3.08586E-02
   12139.484    576.141  12.300  8.06496E-01  8.24890E-01 -2.21840E-02
   12144.180    580.837  12.350  8.15289E-01  8.23973E-01 -1.04857E-02
   12148.895    585.551  12.400  8.25325E-01  8.23057E-01  2.74131E-03
   12153.628    590.285  12.450  8.35127E-01  8.22141E-01  1.57150E-02
   12158.381    595.038  12.500  8.43258E-01  8.21225E-01  2.66933E-02
   12163.153    599.810  12.550  8.48584E-01  8.20309E-01  3.42937E-02
   12167.945    604.601  12.600  8.50473E-01  8.19393E-01  3.77389E-02
   12172.755    609.411  12.650  8.48894E-01  8.18476E-01  3.69763E-02
   12177.584    614.241  12.700  8.44386E-01  8.17560E-01  3.26469E-02
   12182.432    619.089  12.750  8.37912E-01  8.16644E-01  2.59124E-02
   12187.299    623.956  12.800  8.30632E-01  8.15728E-01  1.81790E-02
   12192.186    628.842  12.850  8.23640E-01  8.14812E-01  1.07807E-02
   12197.091    633.748  12.900  8.17734E-01  8.13896E-01  4.69304E-03
   12202.015    638.672  12.950  8.13258E-01  8.12979E-01  3.41436E-04
   12206.959    643.616  13.000  8.10062E-01  8.12063E-01 -2.45182E-03
   12211.921    648.578  13.050  8.07548E-01  8.11087E-01 -4.34203E-03
   12216.903    653.560  13.100  8.04980E-01  8.10110E-01 -6.30267E-03
   12221.903    658.560  13.150  8.01606E-01  8.09134E-01 -9.25963E-03
   12226.923    663.580  13.200  7.96937E-01  8.08157E-01 -1.38190E-02
   12231.962    668.619  13.250  7.90931E-01  8.07181E-01 -2.00390E-02
   12237.019    673.676  13.300  7.84073E-01  8.06204E-01 -2.73279E-02
   12242.096    678.753  13.350  7.77327E-01  8.05228E-01 -3.44973E-02
   12247.192    683.849  13.400  7.71965E-01  8.04251E-01 -3.99702E-02
   12252.307    688.964  13.450  7.69311E-01  8.03275E-01 -4.21024E-02
   12257.441    694.098  13.500  7.70430E-01  8.02298E-01 -3.95560E-02
   12262.594    699.251  13.550  7.75862E-01  8.01322E-01 -3.16419E-02
   12267.766    704.423  13.600  7.85433E-01  8.00345E-01 -1.85576E-02
   12272.957    709.614  13.650  7.98197E-01  7.99369E-01 -1.46003E-03
   12278.167    714.824  13.700  8.12539E-01  7.98392E-01  1.76506E-02
   12283.396    720.053  13.750  8.26411E-01  7.97416E-01  3.62242E-02
   12288.645    725.302  13.800  8.37672E-01  7.96439E-01  5.15811E-02
   12293.912    730.569  13.850  8.44465E-01  7.95463E-01  6.13802E-02
   12299.198    735.855  13.900  8.45550E-01  7.94486E-01  6.40467E-02
   12304.504    741.161  13.950  8.40546E-01  7.93510E-01  5.90723E-02
   12309.828    746.485  14.000  8.30009E-01  7.92533E-01  4.71272E-02
   12315.172    751.829  14.050  8.15303E-01  7.91534E-01  2.99303E-02
   12320.534    757.191  14.100  7.98571E-01  7.90535E-01  1.01325E-02
   12325.916    762.573  14.150  7.82072E-01  7.89536E-01 -9.42392E-03
   12331.317    767.973  14.200  7.67908E-01  7.88536E-01 -2.60805E-02
   12336.736    773.393  14.250  7.57671E-01  7.87537E-01 -3.78113E-02
   12342.175    778.832  14.300  7.52191E-01  7.86538E-01 -4.35431E-02
   12347.633    784.290  14.350  7.51440E-01  7.85539E-01 -4.32872E-02
   12353.110    789.766  14.400  7.54598E-01  7.84539E-01 -3.80610E-02
   12358.606    795.262  14.450  7.60269E-01  7.83540E-01 -2.96217E-02
   12364.120    800.777  14.500  7.66797E-01  7.82541E-01 -2.00676E-02
   12369.654    806.311  14.550  7.72616E-01  7.81541E-01 -1.13928E-02
   12375.208    811.864  14.600  7.76563E-01  7.80542E-01 -5.08532E-03
   12380.780    817.436  14.650  7.78097E-01  7.79543E-01 -1.85064E-03
   12386.371    823.028  14.700  7.77362E-01  7.78544E-01 -1.51397E-03
   12391.981    828.638  14.750  7.75115E-01  7.77544E-01 -3.11745E-03
   12397.610    834.267  14.800  7.72509E-01  7.76545E-01 -5.18744E-03
   12403.259    839.915  14.850  7.70797E-01  7.75546E-01 -6.11178E-03
   12408.926    845.583  14.900  7.71020E-01  7.74547E-01 -4.54435E-03
   12414.612    851.269  14.950  7.73742E-01  7.73547E-01  2.50746E-04
   12420.318    856.975  15.000  7.78886E-01  7.72548E-01  8.18959E-03
   12426.042    862.699  15.050  7.85664E-01  7.71512E-01  1.83137E-02
   12431.786    868.443  15.100  7.92851E-01  7.70476E-01  2.89958E-02
   12437.548    874.205  15.150  7.98908E-01  7.69440E-01  3.82407E-02
   12443.330    879.987  15.200  8.02332E-01  7.68404E-01  4.40919E-02
   12449.131    885.788  15.250  8.01976E-01  7.67368E-01  4.50388E-02
   12454.950    891.607  15.300  7.97287E-01  7.66332E-01  4.03430E-02
   12460.789    897.446  15.350  7.88447E-01  7.65296E-01  3.02149E-02
   12466.647    903.304  15.400  7.76352E-01  7.64260E-01  1.58047E-02
   12472.524    909.181  15.450  7.62467E-01  7.63224E-01 -9.90295E-04
   12478.420    915.077  15.500  7.48559E-01  7.62188E-01 -1.78629E-02
   12484.335    920.992  15.550  7.36385E-01  7.61152E-01 -3.25086E-02
   12490.269    926.926  15.600  7.27379E-01  7.60116E-01 -4.30310E-02
   12496.222    932.879  15.650  7.22418E-01  7.59080E-01 -4.82589E-02
   12502.194    938.851  15.700  7.21696E-01  7.58044E-01 -4.79155E-02
   12508.185    944.842  15.750  7.24731E-01  7.57008E-01 -4.26093E-02
   12514.196    950.852  15.800  7.30515E-01  7.55972E-01 -3.36553E-02
   12520.225    956.882  15.850  7.37737E-01  7.54936E-01 -2.27706E-02
   12526.273    962.930  15.900  7.45067E-01  7.53899E-01 -1.17107E-02
   12532.341    968.998  15.950  7.51413E-01  7.52863E-01 -1.92622E-03
   12538.427    975.084  16.000  7.56105E-01  7.51827E-01  5.68806E-03
   12544.533    981.189  16.050  7.58942E-01  7.50771E-01  1.08817E-02
   12550.657    987.314  16.100  7.60252E-01  7.49714E-01  1.40534E-02
   12556.801    993.458  16.150  7.60653E-01  7.48657E-01  1.60208E-02
   12562.963    999.620  16.200  7.60863E-01  7.47600E-01  1.77382E-02
   12569.145   1005.802  16.250  7.61469E-01  7.46543E-01  1.99909E-02
   12575.346   1012.003  16.300  7.62739E-01  7.45486E-01  2.31415E-02
   12581.566   1018.222  16.350  7.64522E-01  7.44429E-01  2.69894E-02
   12587.805   1024.461  16.400  7.66252E-01  7.43373E-01  3.07783E-02
   12594.062   1030.719  16.450  7.67074E-01  7.42316E-01  3.33536E-02
   12600.339   1036.996  16.500  7.66041E-01  7.41259E-01  3.34354E-02
   12606.635   1043.292  16.550  7.62367E-01  7.40202E-01  2.99473E-02
   12612.950   1049.607  16.600  7.55646E-01  7.39145E-01  2.23270E-02
   12619.285   1055.941  16.650  7.46018E-01  7.38088E-01  1.07450E-02
   12625.638   1062.294  16.700  7.34215E-01  7.37031E-01 -3.82231E-03
   12632.010   1068.667  16.750  7.21487E-01  7.35975E-01 -1.96897E-02
   12638.401   1075.058  16.800  7.09410E-01  7.34918E-01 -3.47187E-02
   12644.811   1081.468  16.850  6.99612E-01  7.33861E-01 -4.66852E-02
   12651.241   1087.898  16.900  6.93476E-01  7.32804E-01 -5.36878E-02
   12657.689   1094.346  16.950  6.91873E-01  7.31747E-01 -5.45140E-02
   12664.157   1100.813  17.000  6.94983E-01  7.30690E-01 -4.88899E-02
   12670.643   1107.300  17.050  7.02227E-01  7.29594E-01 -3.75248E-02
   12677.149   1113.805  17.100  7.12387E-01  7.28497E-01 -2.21223E-02
   12683.673   1120.330  17.150  7.23796E-01  7.27401E-01 -4.95763E-03
   12690.217   1126.874  17.200  7.34641E-01  7.26304E-01  1.14814E-02
   12696.780   1133.436  17.250  7.43286E-01  7.25208E-01  2.49356E-02
   12703.361   1140.018  17.300  7.48556E-01  7.24111E-01  3.37663E-02
   12709.962   1146.619  17.350  7.49923E-01  7.23015E-01  3.72240E-02
   12716.582   1153.239  17.400  7.47570E-01  7.21918E-01  3.55388E-02
   12723.221   1159.878  17.450  7.42314E-01  7.20821E-01  2.98200E-02
   12729.879   1166.536  17.500  7.35405E-01  7.19725E-01  2.17872E-02
   12736.556   1173.213  17.550  7.28250E-01  7.18628E-01  1.33893E-02
   12743.252   1179.909  17.600  7.22119E-01  7.17532E-01  6.39247E-03
   12749.967   1186.624  17.650  7.17883E-01  7.16435E-01  2.02025E-03
   12756.701   1193.358  17.700  7.15855E-01  7.15339E-01  7.21028E-04
   12763.454   1200.111  17.750  7.15748E-01  7.14242E-01  2.10733E-03
   12770.226   1206.883  17.800  7.16768E-01  7.13146E-01  5.07828E-03
   12777.018   1213.675  17.850  7.17816E-01  7.12049E-01  8.09666E-03
   12783.828   1220.485  17.900  7.17751E-01  7.10953E-01  9.56050E-03
   12790.658   1227.314  17.950  7.15671E-01  7.09856E-01  8.18966E-03
   12797.506   1234.163  18.000  7.11131E-01  7.08760E-01  3.34476E-03
   12804.373   1241.030  18.050  7.04286E-01  7.07678E-01 -4.79164E-03
   12811.260   1247.917  18.100  6.95857E-01  7.06596E-01 -1.51934E-02
   12818.166   1254.822  18.150  6.87036E-01  7.05515E-01 -2.61811E-02
   12825.090   1261.747  18.200  6.79249E-01  7.04433E-01 -3.57358E-02
   12832.034   1268.691  18.250  6.73870E-01  7.03352E-01 -4.18980E-02
   12838.997   1275.653  18.300  6.71942E-01  7.02270E-01 -4.31661E-02
   12845.978   1282.635  18.350  6.73961E-01  7.01189E-01 -3.88119E-02
   12852.979   1289.636  18.400  6.79758E-01  7.00107E-01 -2.90511E-02
   12859.999   1296.656  18.450  6.88512E-01  6.99026E-01 -1.50323E-02
   12867.038   1303.695  18.500  6.98888E-01  6.97944E-01  1.35206E-03
   12874.096   1310.753  18.550  7.09272E-01  6.96862E-01  1.77972E-02
   12881.173   1317.830  18.600  7.18054E-01  6.95781E-01  3.19913E-02
   12888.269   1324.926  18.650  7.23909E-01  6.94699E-01  4.20180E-02
   12895.384   1332.041  18.700  7.26015E-01  6.93618E-01  4.66762E-02
   12902.519   1339.175  18.750  7.24179E-01  6.92536E-01  4.56582E-02
   12909.672   1346.329  18.800  7.18827E-01  6.91455E-01  3.95570E-02
   12916.844   1353.501  18.850  7.10896E-01  6.90373E-01  2.97049E-02
   12924.035   1360.692  18.900  7.01629E-01  6.89292E-01  1.78840E-02
   12931.246   1367.903  18.950  6.92322E-01  6.88210E-01  5.97011E-03
   12938.475   1375.132  19.000  6.84091E-01  6.87128E-01 -4.41610E-03
   12945.724   1382.381  19.050  6.77690E-01  6.86063E-01 -1.21936E-02
   12952.991   1389.648  19.100  6.73399E-01  6.84997E-01 -1.69173E-02
   12960.278   1396.935  19.150  6.71045E-01  6.83931E-01 -1.88270E-02
   12967.584   1404.240  19.200  6.70099E-01  6.82866E-01 -1.86809E-02
   12974.908   1411.565  19.250  6.69854E-01  6.81800E-01 -1.75074E-02
   12982.252   1418.909  19.300  6.69619E-01  6.80734E-01 -1.63155E-02
   12989.615   1426.272  19.350  6.68901E-01  6.79669E-01 -1.58305E-02
   12996.997   1433.653  19.400  6.67524E-01  6.78603E-01 -1.63148E-02
   13004.398   1441.054  19.450  6.65664E-01  6.77537E-01 -1.75121E-02
   13011.817   1448.474  19.500  6.63795E-01  6.76472E-01 -1.87257E-02
   13019.256   1455.913  19.550  6.62558E-01  6.75406E-01 -1.90098E-02
   13026.714   1463.371  19.600  6.62578E-01  6.74340E-01 -1.74302E-02
   13034.192   1470.848  19.650  6.64293E-01  6.73274E-01 -1.33311E-02
   13041.688   1478.345  19.700  6.67804E-01  6.72209E-01 -6.54840E-03
   13049.203   1485.860  19.750  6.72811E-01  6.71143E-01  2.48422E-03
   13056.737   1493.394  19.800  6.78634E-01  6.70077E-01  1.27612E-02
   13064.290   1500.947  19.850  6.84317E-01  6.69012E-01  2.28634E-02
   13071.863   1508.520  19.900  6.88809E-01  6.67946E-01  3.12161E-02
   13079.454   1516.111  19.950  6.91166E-01  6.66880E-01  3.63961E-02
   13087.065   1523.721  20.000  6.90743E-01  6.65815E-01  3.74207E-02
