energy O2_300 O2_300_ref
11375.868399 3.563808755770784 -0.8979258810358061
11380.868399 3.5691782256829163 -0.8991197767226616
11385.868399 3.589590167365737 -0.9007416153941866
11390.868399 3.567970938459647 -0.9025412669161915
11395.868399 3.565296567545777 -0.9040941649815891
11400.868399 3.5720252777947588 -0.9056118404785101
11405.868399 3.576689118984809 -0.907183466003843
11410.868399 3.5800531355660055 -0.9088469739978761
11415.868399 3.5835397428781546 -0.9105423306335233
11420.868399 3.596639606280801 -0.9122516926667091
11425.868399 3.6054436986210043 -0.9138152553357174
11430.868399 3.608166997463905 -0.9153828168053639
11435.868399 3.6103521281350166 -0.9169966115428615
11440.868399 3.613925177731122 -0.9186299002119286
11445.868399 3.6181635277342505 -0.9202018722847248
11450.868399 3.622825034562269 -0.9216745984074982
11455.868399 3.6265504287803183 -0.9231796368089658
11460.868399 3.63146639734288 -0.9246940292162193
11465.868399 3.636701540980169 -0.9259989441609909
11470.868399 3.641454436121947 -0.9274692329519586
11475.868399 3.645515487530043 -0.928683229352627
11480.868399 3.649536467692679 -0.9297479653307497
11485.868399 3.655243578949537 -0.9308159973950609
11490.868399 3.660364403812143 -0.9317681689067598
11495.868399 3.6658852277875957 -0.9324106322557205
11500.868399 3.672469726512223 -0.9330189504889201
11505.868399 3.6788005278576614 -0.9334254304245038
11510.868399 3.6834492145898627 -0.9331912387721999
11515.868399 3.691478297749758 -0.9324253629154812
11520.868399 3.6993485168917934 -0.9309777418873064
11525.868399 3.7081732036193635 -0.928268035276966
11530.868399 3.7183366165328424 -0.9240915978799285
11534.0 3.7272241702327578 -0.9203645838545815
11535.0 3.7300588117231044 -0.9189230342610514
11536.0 3.7309506920980597 -0.9171712462555817
11537.0 3.7372079088091077 -0.9151504347576315
11538.0 3.739233029309637 -0.9131121431672559
11539.0 3.7440985808820555 -0.910605589338948
11540.0 3.748600641769612 -0.9081570518002643
11541.0 3.7527832168936395 -0.9053142169409325
11541.2 3.750407813617703 -0.90454322767644
11541.4 3.753723551545808 -0.9042149995491009
11541.6 3.7552519668062665 -0.9033797239917716
11541.8 3.7516021774971935 -0.9029057135664794
11542.0 3.7568741753469013 -0.9017579999277059
11542.2 3.7610891518248706 -0.9009337397748834
11542.4 3.7564783347533863 -0.9004950152139436
11542.6 3.757537820613582 -0.8997152098570422
11542.8 3.762437435226434 -0.8989473029505796
11543.0 3.7601912894619867 -0.8982823882792855
11543.2 3.7615980209423783 -0.8974701942091226
11543.4 3.766906684552803 -0.8963366901718013
11543.6 3.764778983147388 -0.8955228074006222
11543.8 3.768599894020553 -0.8951804337889223
11544.0 3.763403892370647 -0.8938065888507775
11544.2 3.7618001928499294 -0.8930865539351355
11544.4 3.768874253538178 -0.8923632984350727
11544.6 3.7669188234648012 -0.8917581726097185
11544.8 3.771594904518668 -0.8904878887531914
11545.0 3.770131797778689 -0.8895546629625136
11545.2 3.7734816537739495 -0.8881923256861814
11545.4 3.774930913243091 -0.8871651200789571
11545.6 3.7723782627933775 -0.8861460145926959
11545.8 3.778889420257976 -0.885059283877525
11546.0 3.7783279557586917 -0.88401198881333
11546.2 3.7788830085795317 -0.8826378543245577
11546.4 3.7830204055611802 -0.8815968172221798
11546.6 3.7794929598910003 -0.8800470834433645
11546.8 3.783202298301501 -0.878888720581599
11547.0 3.787433464949693 -0.8773982556644249
11547.2 3.78778873797901 -0.8762151512861964
11547.4 3.7871042201027687 -0.8749263615989219
11547.6 3.7915054946315085 -0.8734760972678338
11547.8 3.7945305128056477 -0.872075400369995
11548.0 3.7937923963286346 -0.8704083664340402
11548.2 3.799195718671915 -0.8686749517931148
11548.4 3.7972465688357473 -0.8673950864940695
11548.6 3.797872835158853 -0.8656126086861172
11548.8 3.803505923883018 -0.8641970909520555
11549.0 3.8032317837915706 -0.8622938415672905
11549.2 3.801635369446639 -0.8601151745706842
11549.4 3.808541402160215 -0.8581477075427192
11549.6 3.808404302787813 -0.8563039005976384
11549.8 3.814484817721752 -0.8540589582566434
11550.0 3.811094379744969 -0.8521075957330912
11550.2 3.818765963680929 -0.8497251924184821
11550.4 3.8220902621157613 -0.8478910964246849
11550.6 3.823146840538162 -0.8457275802752517
11550.8 3.828324195166837 -0.8430341558341163
11551.0 3.826325125588379 -0.8403901218643076
11551.2 3.8365850173022045 -0.8377647286097566
11551.4 3.833940678373739 -0.8351163462610165
11551.6 3.835678679069366 -0.8324561559172042
11551.8 3.837993076328765 -0.8297393943027276
11552.0 3.8477150165639236 -0.8267463416482472
11552.2 3.8469104977564847 -0.8232685495925943
11552.4 3.8508280301114026 -0.8198930144273993
11552.6 3.8534478730668815 -0.8167910428629497
11552.8 3.853432382164815 -0.8133055760901072
11553.0 3.8585361246314833 -0.809818302622093
11553.2 3.8626927579729573 -0.8056560924392026
11553.4 3.8657690079643747 -0.8019930101305813
11553.6 3.875088989330203 -0.7977285036003383
11553.8 3.874287634274989 -0.7932295258433385
11554.0 3.882422307695677 -0.7887524645972349
11554.2 3.8883181502612087 -0.784286810392049
11554.4 3.887063366726159 -0.7789913407038761
11554.6 3.897421806360558 -0.7737528386752637
11554.8 3.9042249298570204 -0.7682040770539557
11555.0 3.9058379858169507 -0.762716769186192
11555.2 3.912495757631175 -0.756731078362364
11555.4 3.9203963561301127 -0.7501822052737585
11555.6 3.9248827138557583 -0.7430719757161676
11555.8 3.932518538510647 -0.7360507003662283
11556.0 3.938346912128986 -0.7290176564727812
11556.2 3.9450227191946086 -0.7205966230998575
11556.4 3.9577103406642578 -0.7124285987996892
11556.6 3.9624969393311704 -0.7038708865106222
11556.8 3.9762395398222536 -0.694532908600813
11557.0 3.978762803311845 -0.6844781543310827
11557.2 3.9925379393086535 -0.6740390193107599
11557.4 3.9993993964272554 -0.6625370873677356
11557.6 4.017042700805255 -0.6509679772457051
11557.8 4.028468735059205 -0.639004306746733
11558.0 4.04177236993408 -0.625381630745062
11558.2 4.052671226061685 -0.6111579993675021
11558.4 4.063543152301585 -0.5954069729035221
11558.6 4.083287157822423 -0.5793417971739113
11558.8 4.0990038781656715 -0.562581765106234
11559.0 4.11547966744159 -0.5435969864330067
11559.2 4.128871175448465 -0.5237203372055903
11559.4 4.1488194414906365 -0.5017229566718241
11559.6 4.1760920128079135 -0.47969200683204766
11559.8 4.198040230714262 -0.4548888313193446
11560.0 4.221691193679634 -0.42807422751715624
11560.2 4.24817216560242 -0.3987782737358431
11560.4 4.276934046572293 -0.36797546436837114
11560.6 4.3059927634232125 -0.33582323284772075
11560.8 4.340294036003814 -0.3005125484246999
11561.0 4.379200330741838 -0.2615407503387303
11561.2 4.4140229337178285 -0.22071747220185767
11561.4 4.4562542802531615 -0.17594783557264762
11561.6 4.503146644486806 -0.12918077813846343
11561.8 4.551938589806792 -0.07851934533691791
11562.0 4.601726658411934 -0.024628221929407022
11562.2 4.656241435436345 0.03246657465858724
11562.4 4.717935941771803 0.0935880503038096
11562.6 4.782782783693561 0.15812268214284358
11562.8 4.850614872723209 0.22625822072292817
11563.0 4.920336869303822 0.29783547244461595
11563.2 4.991494031192515 0.3713749938319123
11563.4 5.069776082667575 0.4496913967882617
11563.6 5.150823543069191 0.5281964734336606
11563.8 5.239297467100449 0.6090457129546663
11564.0 5.3184873461161155 0.6887615230488612
11564.2 5.398110347414452 0.7675924613858724
11564.4 5.481729024883536 0.8456482367936655
11564.6 5.5577745372147245 0.9202111103748631
11564.8 5.6342246843018975 0.9922413358680273
11565.0 5.708238295040901 1.0568786054739971
11565.2 5.77645761313413 1.1165203383091473
11565.4 5.831613479185099 1.1657456638104986
11565.6 5.890239393076749 1.2097196294457226
11565.8 5.9375543783566425 1.2439706478186088
11566.0 5.976322587758789 1.2689528766721423
11566.2 6.010911100534299 1.2864442095636817
11566.4 6.035113327261426 1.2961741156272473
11566.6 6.0518792273959985 1.298435861552612
11566.8 6.06130265396053 1.295720636185355
11567.0 6.061491805234054 1.285533892087942
11567.2 6.057242809858175 1.271322616262916
11567.4 6.0493682606591745 1.2549735337631784
11567.6 6.0305937225423465 1.2365770862836734
11567.8 6.010794817502514 1.2148451731214707
11568.0 5.9801389499290805 1.193356568446186
11568.2 5.950833504735303 1.1690754586634273
11568.4 5.917243554720325 1.1471705585103205
11568.6 5.881092133072684 1.1247644254500113
11568.8 5.845340682022733 1.1020805398452367
11569.0 5.806038341147455 1.0797327951941489
11569.2 5.765354888243358 1.0592761016222092
11569.4 5.727574035567248 1.0364575103049487
11569.6 5.688038117374427 1.0192187656804657
11569.8 5.649769074470484 1.0020369704561558
11570.0 5.614634505743216 0.9845116698689805
11570.2 5.579090999007596 0.9678712647707002
11570.4 5.543745938456232 0.9512291411296083
11570.6 5.510696093904505 0.9371715972104682
11570.8 5.480396470225303 0.9237139581319254
11571.0 5.450096406699546 0.9112587218951574
11571.2 5.4229201015625135 0.8985422500387904
11571.4 5.39611436884736 0.8864215244189996
11571.6 5.373773775920249 0.8751453168164712
11571.8 5.348486634453923 0.8636611628336806
11572.0 5.324956440397609 0.8548352241242881
11572.2 5.307421097712349 0.8440267874486721
11572.4 5.28892135085557 0.8347570186863559
11572.6 5.268239782389387 0.8267661784089754
11572.8 5.251988697523435 0.8181800180504466
11573.0 5.238130660256622 0.8094882061624435
11573.2 5.22486262901292 0.8021461869181596
11573.4 5.212013977081596 0.7958267963893552
11573.6 5.2013824974930145 0.789830742284544
11573.8 5.185762674439855 0.7839945038492778
11574.0 5.182657890904364 0.7792749230858622
11574.2 5.170035293281756 0.7746104257698523
11574.4 5.160996140644898 0.77156133338591
11574.6 5.154738147417484 0.7690822269282371
11574.8 5.151238330352925 0.7664003936871907
11575.0 5.143742903981684 0.7649108460624648
11575.2 5.139326155537717 0.7634279899357078
11575.4 5.135860325909154 0.7632822474977486
11575.6 5.13206727372148 0.7630300830614861
11575.8 5.129155884839909 0.7640306977196383
11576.0 5.1258048527579305 0.7663019251455934
11576.2 5.1238794238940075 0.7683815532891852
11576.4 5.123239595811268 0.7716761628449376
11576.6 5.124114744275921 0.7745443108409746
11576.8 5.122351458680425 0.7773321793793803
11577.0 5.122088212447687 0.7821931247994672
11577.2 5.124798568278757 0.7857555515243717
11577.4 5.125799568485014 0.789440843039845
11577.6 5.132091320871297 0.7951936575596895
11577.8 5.129836764255498 0.799843816184092
11578.0 5.129934023096547 0.8030542801072499
11578.2 5.1329488956877825 0.8092333773454686
11578.4 5.137010129636073 0.81279004787187
11578.6 5.136213952755688 0.8176895126062484
11578.8 5.140949175940885 0.822312649810996
11579.0 5.143495383640883 0.8264965867716977
11579.2 5.146086251458309 0.8291942945149504
11579.4 5.148038897584034 0.8328340722494971
11579.6 5.152114074921543 0.8343002162805032
11579.8 5.15354611392875 0.8382151273044015
11580.0 5.1554363023069305 0.8391350261948443
11580.2 5.1606837541727755 0.8385792112360423
11580.4 5.1639241065993735 0.8380502740869958
11580.6 5.164587277557723 0.8380811040182692
11580.8 5.171056138162326 0.8369613137071431
11581.0 5.169669709686365 0.8339047237735582
11581.2 5.172457127356799 0.830954796608249
11581.4 5.179449058602947 0.8278529934546721
11581.6 5.177511687331781 0.8236008509841095
11581.8 5.177868114739803 0.8185847494014602
11582.0 5.181872028955548 0.8127831124371349
11582.2 5.176895987006849 0.8084513562108712
11582.4 5.178370671950285 0.8028917306516803
11582.6 5.187564914923059 0.7964853644065154
11582.8 5.181743917050896 0.7910112904396999
11583.0 5.181495993250275 0.7853279688964677
11583.2 5.183323700549921 0.7795456245546688
11583.4 5.180713284764352 0.7738357287903739
11583.6 5.183732779791953 0.7692161757183603
11583.8 5.184718200709754 0.7648369769461406
11584.0 5.1813015294038935 0.760799332163227
11584.2 5.179227260782865 0.7579157577851744
11584.4 5.178789662615392 0.7543302309439339
11584.6 5.1832721392712955 0.7508288530198024
11584.8 5.187720275460991 0.7463951691024058
11585.0 5.187381003956598 0.7450817521516704
11585.2 5.187263379837009 0.7443295070595904
11585.4 5.183033605962028 0.7442144636464404
11585.6 5.185399141585436 0.7430735067597493
11585.8 5.186006435956577 0.7409957850674672
11586.0 5.186311096448067 0.7403070665130465
11586.2 5.187378800835503 0.7409946055376327
11586.4 5.190167283239261 0.7407031451548204
11586.6 5.190430933356727 0.7408382829553816
11586.8 5.193981190381034 0.7409415514264064
11587.0 5.1947344277073215 0.7411526783848423
11587.2 5.1951709722215735 0.7427417235991196
11587.4 5.196700937382545 0.7439385473317455
11587.6 5.200275238057041 0.7467978362640519
11587.8 5.200099077116981 0.747911419999766
11588.0 5.207249720541235 0.750676261643806
11588.2 5.210186833147148 0.7522651047298486
11588.4 5.211367325640628 0.7549449765033786
11588.6 5.211342412775516 0.7592655321978595
11588.8 5.21511858092215 0.7627554945773644
11589.0 5.216878474696658 0.766339510525334
11589.2 5.222557852465252 0.7716348183431031
11589.4 5.219748075557992 0.7771660688330156
11589.6 5.224573487979649 0.7819305840241043
11589.8 5.226737962160477 0.786910545123596
11590.0 5.231168661498139 0.7952287575210334
11590.2 5.2315246659776635 0.8006561808492257
11590.4 5.237833476653305 0.8074574913782832
11590.6 5.237750898999498 0.8140444972568294
11590.8 5.244064292118859 0.8229470258253718
11591.0 5.245604720893627 0.8303067264265823
11591.2 5.251982431590803 0.8374931149420375
11591.4 5.255124189625327 0.844926576997194
11591.6 5.2619641355278315 0.8534979949920177
11591.8 5.267088554656675 0.8618089841247984
11592.0 5.267575168096917 0.8689512960627458
11592.2 5.2705386629070485 0.8773441667934014
11592.4 5.273894193848785 0.8842367181430425
11592.6 5.273160343574367 0.8904568578655504
11592.8 5.281872747161862 0.8986481672287676
11593.0 5.286045675780626 0.9023407157608597
11593.2 5.286731722867581 0.9078120959275287
11593.4 5.291759602838867 0.9130925743327908
11593.6 5.298141217681945 0.9164144697925062
11593.8 5.299060971849216 0.9197792553616944
11594.0 5.305591153365569 0.9211601755478044
11594.2 5.302311008053321 0.92354878648933
11594.4 5.301405669680876 0.9240971914554406
11594.6 5.301122422664226 0.9231169669090138
11594.8 5.3112898497611125 0.9219951221428324
11595.0 5.313754558140633 0.9226241000721622
11595.2 5.312407196167392 0.9191766795158058
11595.4 5.31515160866808 0.9175404809752669
11595.6 5.314308437014053 0.9145394583843797
11595.8 5.314802530888634 0.911367456208498
11596.0 5.318516470339554 0.9050860757340189
11596.2 5.315867540177291 0.9014151100687241
11596.4 5.320471201429365 0.8982165620972101
11596.6 5.319147200392601 0.8920989698901651
11596.8 5.322051717331628 0.8876187300778079
11597.0 5.320452942312767 0.8823893133259071
11597.7 5.321482940873267 0.8653230898332084
11598.4 5.323512588547879 0.8487604139931408
11599.1 5.326282108882967 0.834157913089496
11599.8 5.327506290489666 0.8215003726040957
11600.5 5.328390362497943 0.8118257552675008
11601.2 5.329627830691592 0.8053919287059113
11601.9 5.330539013205945 0.8003730181765205
11602.6 5.33505023969735 0.7951297041055826
11603.3 5.338143388093189 0.7888998780537374
11604.993695 5.339914095117175 0.7722842237872385
11605.999583 5.346127981383346 0.7617367044839259
11607.017662 5.350474518616436 0.7541537958362741
11608.047933 5.3574725728808525 0.7511532426580658
11609.090396 5.362721365763513 0.7535252270498388
11610.145051 5.369260715142988 0.7627350346141385
11611.211898 5.370607917931835 0.7760264197588763
11612.290937 5.376954462654141 0.7919199842832051
11613.382167 5.386583859700513 0.810256655311567
11614.48559 5.3925967450487935 0.829590103729795
11615.601204 5.396514699793334 0.848089434783347
11616.729011 5.400620180465444 0.865308973508985
11617.869009 5.405691273660699 0.8808358538107379
11619.021199 5.405544616244235 0.8899596672593237
11620.185582 5.404400910465468 0.8940589249757359
11621.362156 5.398138447614611 0.8924263599105793
11622.550922 5.3943742126854675 0.8862208502693466
11623.751879 5.389089239597431 0.8774808789409042
11624.965029 5.384372692177729 0.8688892634986709
11626.190371 5.375235139860755 0.8601254883311619
11627.427904 5.368358241078247 0.8519933530839461
11628.67763 5.360839442900697 0.8435376973786053
11629.939547 5.354977912299238 0.8358928960841994
11631.213657 5.346098872991481 0.830009183882593
11632.499958 5.340507292094908 0.8250477771309221
11633.798451 5.335001236488407 0.8195741870844416
11635.109136 5.331284028677941 0.8132259207312421
11636.432013 5.3292019037344485 0.8047191544385847
11637.767082 5.324175699792947 0.7938481584780283
11639.114342 5.320600064536786 0.7816971767179376
11640.473795 5.317556489554895 0.769698414800022
11641.84544 5.317191429445295 0.7579733057756807
11643.229276 5.318603440724109 0.7486003399245104
11644.625305 5.315822603392589 0.7412462108916709
11646.033525 5.317406383660239 0.7354856100274457
11647.453937 5.320484605038341 0.7320343107786809
11648.886541 5.322638024745241 0.7305072388029037
11650.331337 5.324466787009867 0.7318517390632362
11651.788325 5.328891490521363 0.7364539221515347
11653.257505 5.332241809822595 0.7435860507980988
11654.738877 5.336319256903308 0.7552765512141859
11656.23244 5.344623347071193 0.7669603380049723
11657.738196 5.351870886815825 0.7794296733094166
11659.256143 5.3561589024965315 0.7906395351213261
11660.786283 5.361808573120195 0.7992399533947611
11662.328614 5.370495254541064 0.8053881483187645
11663.883137 5.375580048268522 0.8083175313061544
11665.449852 5.381999025325732 0.8091195375967348
11667.028759 5.385029713945269 0.8079958346462817
11668.619858 5.388890280595886 0.8053496114569675
11670.223149 5.392916823047506 0.8021719214698757
11671.838632 5.397071241549751 0.7995511670138766
11673.466307 5.401073472757977 0.7958128115327769
11675.106173 5.403907896439257 0.7925103133139472
11676.758232 5.405113056156101 0.7905109930568176
11678.422482 5.410589377040788 0.7894084906917114
11680.098924 5.412892419485322 0.7896232683650373
11681.787558 5.41884834609875 0.7925762798490749
11683.488385 5.420496746352087 0.7965441926075941
11685.201403 5.421887871650353 0.8007994303083839
11686.926613 5.424888452194433 0.8039156103172785
11688.664014 5.424668754108744 0.8056451585981292
11690.413608 5.427877139289151 0.8043797775806176
11692.175394 5.42758115024864 0.8007743594749014
11693.949371 5.426728902483156 0.7945198284664156
11695.735541 5.425674886616089 0.7851979066804569
11697.533902 5.423241872018665 0.7735156529283201
11699.344455 5.4228267911988315 0.7608880173875358
11701.167201 5.421783518450277 0.7484278787816558
11703.002138 5.422041596935577 0.7362893629545645
11704.849267 5.414501460545482 0.7266941502272243
11706.708588 5.416070949632404 0.7204793617337347
11708.5801 5.416763405363085 0.718257204350345
11710.463805 5.4169998960003385 0.7197259126932816
11712.359702 5.414409580356142 0.7233113097857478
11714.26779 5.417163354182368 0.7285376075127366
11716.188071 5.419726990523371 0.7355480126301346
11718.120543 5.419758123059963 0.7425736831328708
11720.065207 5.4209725259659125 0.7500767872729549
11722.022064 5.425867663672004 0.7564027220757595
11723.991112 5.430998215317026 0.7626311021742228
11725.972352 5.4339468400088515 0.7668524260882925
11727.965784 5.437285903532774 0.7710689574402013
11729.971407 5.4404396088543105 0.7748169398931751
11731.989223 5.444516792961878 0.7775284400953734
11734.019231 5.44866710099354 0.7782264909008092
11736.06143 5.452669280055768 0.7783897066379479
11738.115822 5.456722217659906 0.776891693920028
11740.182405 5.4626592681503245 0.7746511876055491
11742.26118 5.468375936881931 0.7729711556933385
11744.352148 5.470412680604363 0.7726705112502409
11746.455307 5.4702174984931755 0.7743053849484947
11748.570658 5.471810661512919 0.777498970167492
11750.698201 5.474911435728317 0.7828517532260151
11752.837935 5.481759759913025 0.7863768899235793
11754.989862 5.484730949151539 0.7886017604720811
11757.153981 5.4867583880278294 0.7864732887713429
11759.330291 5.492788631965988 0.7805012243799846
11761.518794 5.498365586777699 0.7687000443380317
11763.719488 5.49913793196358 0.7561653752568926
11765.932374 5.498306524838869 0.7434463814676538
11768.157453 5.501623227277441 0.7331649563194151
11770.394723 5.5018769072467935 0.7243526360523781
11772.644185 5.499204367217354 0.7185928144703148
11774.905838 5.504360663352272 0.7139400911229383
11777.179684 5.505461572856073 0.7106867648201741
11779.465722 5.503200929275231 0.708265335211098
11781.763952 5.50568910530833 0.7064453876445155
11784.074373 5.509250519072775 0.7056574895209374
11786.396987 5.507547829075806 0.7059216016994513
11788.731792 5.509626606067122 0.7058520060703977
11791.078789 5.5155205255517314 0.7065862137845776
11793.437978 5.518769354472904 0.7081913841447257
11795.809359 5.520968704019976 0.71119348464082
11798.192932 5.523809402358265 0.7156788346692317
11800.588697 5.525271255556783 0.7218887922616541
11802.996654 5.525638938766043 0.7296958014824247
11805.416803 5.530837441551248 0.7383829806897966
11807.849143 5.534227243093982 0.7475738011072759
11810.293676 5.5369989781925515 0.7554119145156823
11812.7504 5.539004984243702 0.7618598881033567
11815.219317 5.543463805399817 0.7640719992797746
11817.700425 5.545880470464339 0.7644938655270577
11820.193725 5.548743083900973 0.7618124190526142
11822.699217 5.551595315839951 0.7566843735700506
11825.216901 5.552048173019396 0.7492248115793743
11827.746777 5.5558078441509835 0.7403472789867512
11830.288845 5.557985245229846 0.72957230022084
11832.843105 5.554891615332515 0.7175033014674604
11835.409556 5.559895348641031 0.7058773425142398
11837.9882 5.566408626479614 0.6950184931899605
11840.579035 5.565772137893709 0.6876850463711585
11843.182062 5.566353685926166 0.682638313475883
11845.797282 5.566681066164923 0.6808517920995518
11848.424693 5.566721236338045 0.6805248714142875
11851.064296 5.570952769783881 0.682793622525716
11853.716091 5.575089278080604 0.6851719583266347
11856.380078 5.575610499022408 0.6869753975766603
11859.056256 5.579592842361657 0.6861029208721167
11861.744627 5.580910838695466 0.6827389136687881
11864.44519 5.586954967038386 0.6787115785968154
11867.157944 5.585222878515654 0.6750864769575081
11869.882891 5.5884671623888105 0.6736970414481236
11872.620029 5.590563534611978 0.6748101487329671
11875.369359 5.5967410712507855 0.6780919126592154
11878.130881 5.598912417750142 0.6825128811762724
11880.904595 5.604289422667214 0.6875516904541273
11883.690501 5.606339458090142 0.6924998681941048
11886.488599 5.608294185917008 0.697495823294158
11889.298889 5.6125115077151735 0.7022319540602321
11892.121371 5.617257381498321 0.7060553643058416
11894.956044 5.625938236344699 0.7081121769989313
11897.80291 5.633163741881034 0.7073295984592727
11900.661967 5.630302964299076 0.7041382819644918
11903.533217 5.632838280207716 0.697750142009058
11906.416658 5.634675942075346 0.6896570086315208
11909.312291 5.634982585315018 0.679249463489038
11912.220116 5.637074533894494 0.6684305830348373
11915.140133 5.642650973216784 0.6589801153439517
11918.072342 5.646156624653196 0.6524608556637767
11921.016743 5.650793764257034 0.647909127295078
11923.973335 5.646624981698266 0.6450648963679846
11926.94212 5.645563871172774 0.6444568489341168
11929.923096 5.648776024060292 0.6452713492709155
11932.916265 5.653046328399875 0.6458988362919775
11935.921625 5.652532697907477 0.6467905060292666
11938.939177 5.657364877455002 0.6469711036139474
11941.968921 5.658858263709136 0.6470224208400992
11945.010858 5.662264812047465 0.6461997545152063
11948.064985 5.66340338555668 0.6436829167025351
11951.131305 5.667814079376084 0.6402950457869502
11954.209817 5.671839779665906 0.636590209055964
11957.300521 5.674720325794536 0.6341258627486493
11960.403416 5.678151827870427 0.6336930195295578
11963.518504 5.680950234365354 0.6355736048282025
11966.645783 5.683148625499298 0.6385963422223698
11969.785255 5.687743550858566 0.6415527028736266
11972.936918 5.689724744978669 0.6435384197480964
11976.100773 5.691433013094327 0.6446826005867315
11979.27682 5.696192396461057 0.6447773066527667
11982.465059 5.700347490682678 0.6442931127495276
11985.66549 5.70073463607959 0.6441470722275512
11988.878112 5.707442382902045 0.6440260085552598
11992.102927 5.711071346685478 0.6430999538552508
11995.339934 5.711669463390573 0.6406793146270372
11998.589132 5.714608552486037 0.6366484437691249
12001.850523 5.718607540048538 0.6312228572453932
12005.124105 5.7218851644176585 0.6240842184137724
12008.409879 5.724984113277622 0.6157345066209182
12011.707845 5.729400185338037 0.6067917354239439
12015.018003 5.7308931831242305 0.5978834306922243
12018.340353 5.732319062645146 0.5908077276114055
12021.674895 5.733178910633335 0.586534163466658
12025.021629 5.738189602344709 0.5844215897386108
12028.380554 5.74171006908245 0.583674786408099
12031.751672 5.745227890825048 0.5841122966477608
12035.134982 5.74511465773162 0.5850403885006316
12038.530483 5.7496161575020315 0.5865485772022462
12041.938176 5.752685219842875 0.5874855935966277
12045.358061 5.763629281765547 0.5881986839496146
12048.790139 5.764015291404054 0.5881152884389319
12052.234408 5.7624814943666625 0.5896317043742284
12055.690868 5.767320857575101 0.5907855198403401
12059.159521 5.7703873423162175 0.5909589943876102
12062.640366 5.773340280367102 0.5911807378994343
12066.133403 5.776447426402191 0.5902842150518105
12069.638631 5.777326236845807 0.5891243662222433
12073.156052 5.7817326083174185 0.5882567183123835
12076.685664 5.786116274180666 0.5871086978415231
12080.227468 5.7883839685395815 0.586105194441431
12083.781465 5.79240486768707 0.5839996802626538
12087.347653 5.794007683251206 0.5809097265484046
12090.926033 5.797362623134075 0.5769944471740649
12094.516605 5.8032517409815325 0.5721381090871988
12098.119369 5.804411769484888 0.567188824127234
12101.734324 5.808705287846527 0.5625172386549507
12105.361472 5.8131517019289864 0.5584786544665488
12109.000811 5.817256672650653 0.5545836602921055
12112.652343 5.820509399930842 0.5507463167930596
12116.316066 5.829736304624006 0.5467126993068157
12119.991982 5.82452596057342 0.5422240406456754
12123.680089 5.8188861394655005 0.5382006516382971
12127.380388 5.828068547668698 0.5344804451381243
12131.092879 5.832322692994645 0.5309735093398233
12134.817562 5.837251653977067 0.5276608783282535
12138.554437 5.8385050507741925 0.5262867686837711
12142.303503 5.844233477781723 0.5253920553723649
12146.064762 5.848020297289 0.5247663477747232
12149.838213 5.850601395570103 0.5244903570296774
12153.623855 5.850828137640504 0.5243054784629207
12157.421689 5.854273251160078 0.5243866816764501
12161.231716 5.861224331027523 0.5240362054245435
12165.053934 5.864605951500251 0.5247509488583034
12168.888344 5.865566181239004 0.5249311370181685
12172.734946 5.880419230001477 0.5244829537236686
12176.59374 5.884645514870009 0.52441013760375
12180.464726 5.882059935232677 0.523750557924013
12184.347903 5.883096437771621 0.5229080923146455
12188.243273 5.885508185156287 0.5216872988763182
12192.150835 5.889972962639104 0.5197888446528861
12196.070588 5.895066983315645 0.5166773075159451
12200.002533 5.89695834450244 0.5133018968647394
12203.946671 5.900896453539571 0.5095484009321025
12207.903 5.905897089257068 0.5050817730451189
12211.871521 5.90918182774408 0.5001677626640364
12215.852234 5.911747303458659 0.4956069004981437
12219.845139 5.915265225725213 0.4914223631047862
12223.850236 5.919347347307175 0.48769549042636473
12227.867524 5.922666946952819 0.48434162857159707
12231.897005 5.924665835905263 0.48140835066617166
12235.938678 5.928083876594657 0.4783521259292081
12239.992542 5.933150417311266 0.4752678284390948
12244.058598 5.9363000390892 0.47199240137450504
12248.136847 5.940401667259055 0.4686165330334951
12252.227287 5.952314068266136 0.4654913615824598
12256.329919 5.9630326369988245 0.4610510863665039
12260.444743 5.950992664465113 0.45763403234743905
12264.571759 5.9542357099542516 0.45507629891338336
12268.710967 5.957663755200608 0.4533823780397287
12272.862366 5.959965078786303 0.4522840527749099
12277.025958 5.9644510510423245 0.4517799651762158
12281.201742 5.968957057719839 0.45202722611223
12285.389717 5.974070888110413 0.45294465492484737
12289.589884 5.976313943065462 0.45352785134493406
12293.802244 5.982890352916702 0.4540090612763284
12298.026795 5.999805308680223 0.45407697649702833
12302.263538 5.9923023778909394 0.4536737828243373
12306.512473 5.992693108844297 0.45288919504344427
12310.7736 5.995888843140323 0.4508030521395171
12315.046919 5.999074022022385 0.4482995190657112
12319.332429 6.000704847608382 0.44502207500656477
12323.630132 6.0070099681978375 0.441025108476062
12327.940026 6.01264482196707 0.43631256398335083
12332.262113 6.016032792719527 0.43128762972905504
12336.596391 6.015694123944615 0.4263218642699886
12340.942861 6.0209900191328085 0.4216174231004404
12345.301524 6.025362702598358 0.4177072421165891
12349.672378 6.029716614485572 0.41398649832844214
12354.055424 6.033962376481932 0.4109152080913513
12358.450662 6.0364871740018655 0.40811465130909147
12362.858091 6.039273659650298 0.4052093137099807
12367.277713 6.046396469141459 0.4024412485623149
12371.709527 6.050279596173838 0.3997079035589107
12376.153532 6.052024899209845 0.3968157671274056
12380.60973 6.055533722943147 0.3942594309004036
12385.078119 6.059713230483945 0.39155245309449144
12389.5587 6.063446184448245 0.38893019569549436
12394.051473 6.065435025232568 0.3864768576760261
12398.556438 6.070210781446034 0.3842089391804156
12403.073595 6.075150694977311 0.38231164568383974
12407.602944 6.0782689423324125 0.38035110748675394
12412.144485 6.080696348752711 0.37883351808462334
12416.698218 6.083318443417917 0.377445467624571
12421.264142 6.111007851809299 0.37612955738140796
12425.842259 6.118341231931079 0.37440299113986925
12430.432567 6.1079936854596815 0.3733844107575778
12435.035068 6.107203165481927 0.3721129682313792
12439.64976 6.111508350051355 0.37076988951240253
12444.276644 6.115653134033404 0.36871441769338065
12448.91572 6.1199863174217155 0.3664971342567233
12453.566988 6.124465899585262 0.3637976183839183
12458.230448 6.1269353394142625 0.3611179173596432
12462.9061 6.1316311573558915 0.3580596827786192
12467.593943 6.1342756664437434 0.3546674958671988
12472.293979 6.142279882083178 0.3512546157594655
12477.006206 6.142191002198544 0.34736720295666806
12481.730626 6.1472940495210535 0.34369203121384945
12486.467237 6.153145926310346 0.33975471304568094
12491.21604 6.157361880748809 0.3358490033695435
12495.977036 6.170001230814491 0.33218644484163173
12500.750223 6.17467947364557 0.3281869245949804
12505.535602 6.157792777634447 0.3247945128682604
12510.333172 6.165330103295418 0.3216364879525181
12515.142935 6.1708489224050584 0.31868498937942846
12519.96489 6.175729984304659 0.3159317570183369
12524.799037 6.180360979858833 0.31339264920499754
