energy H2_300_initial H2_300_initial_ref
11375.697635 3.5823209444088477 -0.8979368624693211
11380.697635 3.5851170974657363 -0.8991026918663427
11385.697635 3.6068397452855363 -0.9007145528486379
11390.697635 3.586830957441413 -0.902546360577855
11395.697635 3.582819996534415 -0.9040857084485593
11400.697635 3.5898259198956746 -0.9056101928326121
11405.697635 3.5953005499093322 -0.907259726634657
11410.697635 3.597261620455806 -0.9088662077189825
11415.697635 3.6017384118104103 -0.9104741990650982
11420.697635 3.6138174359688384 -0.9122113210597276
11425.697635 3.6232665802272623 -0.9138581600839376
11430.697635 3.6257571111497904 -0.9154992059553325
11435.697635 3.6287039827585654 -0.9170221639078837
11440.697635 3.632122632906807 -0.9186215806655749
11445.697635 3.6361047096194063 -0.9201700501610102
11450.697635 3.640792712719687 -0.9217536283017379
11455.697635 3.6446651128114738 -0.9232801645265359
11460.697635 3.6491325915782213 -0.9246639453913204
11465.697635 3.653656709744595 -0.9261260865928014
11470.697635 3.6581011564887547 -0.9274333489815543
11475.697635 3.6629682040854674 -0.9286689766216798
11480.697635 3.6688318314666084 -0.9298644613997614
11485.697635 3.6730282872860784 -0.9309525453867581
11490.697635 3.6769852695514595 -0.9318176465266158
11495.697635 3.682754346747353 -0.9325636630224572
11500.697635 3.6892585652706003 -0.9331867372480982
11505.697635 3.6955119264260667 -0.9333361901306506
11510.697635 3.7022323630567837 -0.9332199859544057
11515.697635 3.7097154477013348 -0.9325168247211576
11520.697635 3.716604673180335 -0.9311453866235965
11525.697635 3.72523493474657 -0.9285454993382102
11530.697635 3.7361673954938692 -0.924403414220641
11534.0 3.7439909840582524 -0.9203794804223236
11535.0 3.74700324272659 -0.9188940992063083
11536.0 3.7486917836473013 -0.9172852570348722
11537.0 3.752507159881847 -0.9154045845516642
11538.0 3.75659928628579 -0.9131972035421055
11539.0 3.7604908540868394 -0.9108375080807046
11540.0 3.7622786138923763 -0.9083305784378309
11541.0 3.7674704107590418 -0.9053492187922466
11541.2 3.7680748521590597 -0.9047868749127791
11541.4 3.769541591473655 -0.9041002958956454
11541.6 3.770086512620491 -0.9036030144799315
11541.8 3.76834308664883 -0.9028797494445985
11542.0 3.76704020036268 -0.9024075380770649
11542.2 3.77035976844827 -0.901825795759193
11542.4 3.7738583162137767 -0.9008604172660615
11542.6 3.7710114528923993 -0.8999697186713247
11542.8 3.775578792638157 -0.8992484195908974
11543.0 3.775676262287978 -0.8984786778483637
11543.2 3.7790050493413787 -0.8978083562018117
11543.4 3.7762276034773796 -0.8967059740787251
11543.6 3.7724497890653583 -0.8965333763555968
11543.8 3.777536684519667 -0.8953741508490269
11544.0 3.783357842734392 -0.894568284928311
11544.2 3.7812678569203446 -0.8931806485209821
11544.4 3.7858802294484137 -0.8925627932503135
11544.6 3.7872416128913784 -0.8918786828639114
11544.8 3.7842873830649153 -0.8905988805212451
11545.0 3.783775157566022 -0.8901348234047165
11545.2 3.7881441591123566 -0.8888856535342324
11545.4 3.789233796583401 -0.8873466069682723
11545.6 3.7916485522076466 -0.8865307831705688
11545.8 3.792768425193228 -0.8851106984921913
11546.0 3.7945961608511896 -0.8840783475709886
11546.2 3.79228058137588 -0.8834242796737712
11546.4 3.791970877149065 -0.8819227738397971
11546.6 3.7989363142977917 -0.8807493086530236
11546.8 3.798687001434093 -0.8797367719767717
11547.0 3.7988656814677744 -0.8779193838017153
11547.2 3.7979916209458446 -0.876587103826644
11547.4 3.8024994243744104 -0.8752200696368225
11547.6 3.7985494667474873 -0.8738482379611059
11547.8 3.803252732058786 -0.8723956557418608
11548.0 3.8064045088558625 -0.8709066671779887
11548.2 3.810181187088966 -0.8693911124720486
11548.4 3.8106227969293256 -0.8676627842351241
11548.6 3.80942444681916 -0.8659774532629935
11548.8 3.812467260170014 -0.8644172024969949
11549.0 3.8158633149661334 -0.8624953024977167
11549.2 3.815279829245736 -0.8610440090082392
11549.4 3.8211698251781274 -0.8590605952770257
11549.6 3.824826370026438 -0.857121710507297
11549.8 3.822900371912371 -0.8550982560608357
11550.0 3.8287362716720597 -0.8529491341405907
11550.2 3.8314951627398526 -0.8507543375417771
11550.4 3.8302926820699033 -0.8482601844884184
11550.6 3.832521450113266 -0.8461861925783977
11550.8 3.8359338874017097 -0.8439211392439596
11551.0 3.8386056587149398 -0.8413218383624562
11551.2 3.835770825146235 -0.8383615755740808
11551.4 3.8381328540266835 -0.8357993711181525
11551.6 3.8451841514405554 -0.8332055863283685
11551.8 3.8484457336881843 -0.8306092468080528
11552.0 3.8510740465545763 -0.8277097851942846
11552.2 3.8546354707846198 -0.8241710151694751
11552.4 3.853580195925867 -0.8208987865201031
11552.6 3.8561919268247817 -0.8176691278664457
11552.8 3.861452744657945 -0.8142883819162012
11553.0 3.8630006583844376 -0.8106018384880592
11553.2 3.867770683839221 -0.8067699377366829
11553.4 3.87586235176742 -0.802696091788019
11553.6 3.8775211358356816 -0.7987229983976821
11553.8 3.8841843743896107 -0.7945885328550176
11554.0 3.887930455481057 -0.7899594031025555
11554.2 3.888410886620607 -0.7853478165378258
11554.4 3.892354247751061 -0.7806373107843791
11554.6 3.8979558303910453 -0.7754414654721578
11554.8 3.9021952200582413 -0.7698471092407291
11555.0 3.9042829708753133 -0.7643250211942548
11555.2 3.9138334918042927 -0.7577779765611864
11555.4 3.9198717907271536 -0.7515010514872309
11555.6 3.923793172492234 -0.744997685868162
11555.8 3.930931036054186 -0.7382713434136419
11556.0 3.936988513457486 -0.730623866921583
11556.2 3.940204955221305 -0.7229827141520211
11556.4 3.945611093529313 -0.7151974801156225
11556.6 3.9598094506004093 -0.7061211860907998
11556.8 3.9644930517598778 -0.6968149104933207
11557.0 3.972422726161649 -0.6872420258194364
11557.2 3.97790601707104 -0.6767614170674019
11557.4 3.991647458964409 -0.6659852862246038
11557.6 3.9996845481560785 -0.6541153097659024
11557.8 4.009964849623419 -0.6416751709610294
11558.0 4.020988167749716 -0.6280740690017917
11558.2 4.034515805273548 -0.614525848640566
11558.4 4.045306396655887 -0.599439882108939
11558.6 4.057340550291677 -0.5837607247708718
11558.8 4.072532401890162 -0.5665481249997792
11559.0 4.0898393259756975 -0.5473468446647561
11559.2 4.1058411276930045 -0.5286414220311149
11559.4 4.12023426940862 -0.5074015570164627
11559.6 4.140126375888644 -0.48442265950574076
11559.8 4.16240439355192 -0.4600679269933399
11560.0 4.180847222583553 -0.4342668379938938
11560.2 4.206753301838985 -0.40596194033522764
11560.4 4.228546083135556 -0.375950452698398
11560.6 4.255499067100232 -0.3436500237870654
11560.8 4.286406068646247 -0.3083167692508427
11561.0 4.313534874658509 -0.27114158188892945
11561.2 4.346930800022144 -0.23096922073368004
11561.4 4.385814675823089 -0.18718442236672675
11561.6 4.42569013381283 -0.1415597204259851
11561.8 4.460780637786097 -0.09201105731499737
11562.0 4.506430538405674 -0.038528470230286826
11562.2 4.554948411051545 0.018072578368286237
11562.4 4.604937532697425 0.07726711967595161
11562.6 4.6592193377212965 0.14141677481429127
11562.8 4.7184413995369665 0.20854797095748048
11563.0 4.775437203586285 0.278344706652665
11563.2 4.837307703340183 0.3521376447269201
11563.4 4.902120330345831 0.42855434299780265
11563.6 4.966545179003792 0.5054750694506612
11563.8 5.03027748689023 0.5858754126964235
11564.0 5.098291666758938 0.6645170222284256
11564.2 5.164501463229577 0.7426663477362384
11564.4 5.229616849433305 0.822580317773726
11564.6 5.291771039328006 0.89779204285898
11564.8 5.348422081561642 0.9694286886882342
11565.0 5.405098779705315 1.035895657911759
11565.2 5.459822088927858 1.0976440325836614
11565.4 5.506725846263095 1.1476715283146992
11565.6 5.547301291555258 1.1940222198340233
11565.8 5.58322205396104 1.2297945469656573
11566.0 5.620145466988719 1.2587989223516793
11566.2 5.650708162203015 1.2796253975717455
11566.4 5.671131700404997 1.291044878590053
11566.6 5.6890577085312275 1.2947586673972649
11566.8 5.703232624281459 1.293366665389747
11567.0 5.714888636620537 1.2870694215873084
11567.2 5.719635591841263 1.2728658804206943
11567.4 5.7237516104181 1.2584370194595087
11567.6 5.722940471346867 1.2399361330665557
11567.8 5.717459363905122 1.2192105778426605
11568.0 5.713465283100897 1.1982637481039242
11568.2 5.702949912795222 1.1763913108979882
11568.4 5.6938187249956895 1.151854865805215
11568.6 5.68280365605351 1.131133194471815
11568.8 5.668363343425043 1.1077591397493551
11569.0 5.655094367906725 1.0841123666550867
11569.2 5.640803608037188 1.0650540734893037
11569.4 5.624580756063414 1.0444811383844685
11569.6 5.609613155199389 1.0258696779892875
11569.8 5.590208706930758 1.0068973855596537
11570.0 5.571669776557021 0.9896044845167608
11570.2 5.559944900559444 0.9728722828992239
11570.4 5.544528106012151 0.9575393342507424
11570.6 5.527777781601347 0.9421249204945612
11570.8 5.51055382450366 0.9279369372856243
11571.0 5.497637368564716 0.9146223918226991
11571.2 5.480677473707912 0.9017494464177015
11571.4 5.46672122283095 0.8895408455830781
11571.6 5.453406431282768 0.878134438767452
11571.8 5.441125943318542 0.8677251063397275
11572.0 5.425164527597054 0.8571154840038578
11572.2 5.414505284981702 0.8475743175928337
11572.4 5.403364911467741 0.8376932220339915
11572.6 5.3930396926984185 0.8287266418034206
11572.8 5.381149814917043 0.8204125915435849
11573.0 5.371077152496787 0.8120881784013447
11573.2 5.362912545773978 0.8051840267821909
11573.4 5.352698239269183 0.7977133141216671
11573.6 5.3424567079723415 0.7919932468958394
11573.8 5.338718779650109 0.7861013012894572
11574.0 5.331909225849971 0.7799052083589543
11574.2 5.325307743415053 0.7765973535406026
11574.4 5.319115189362504 0.7725958113261516
11574.6 5.311071432200963 0.7696951131835112
11574.8 5.3097882274125405 0.7663357833773122
11575.0 5.304864000694835 0.7651740345893698
11575.2 5.301260457251307 0.7643709020456896
11575.4 5.296311148947849 0.7631361578965278
11575.6 5.296742661850755 0.7639632263619307
11575.8 5.2910333192406585 0.7651675333367766
11576.0 5.291112383951926 0.7660757212747688
11576.2 5.288882365907649 0.7671736558670949
11576.4 5.285459248926737 0.7699461754453506
11576.6 5.285674097975625 0.7730550785364875
11576.8 5.2862117279648 0.7756458404960469
11577.0 5.28502804086824 0.7804892167180181
11577.2 5.289314908993751 0.7840171188238046
11577.4 5.289098843057617 0.7893017956506249
11577.6 5.289046327248045 0.7935320636351803
11577.8 5.290062095509543 0.7985794148702363
11578.0 5.289853937204371 0.8033111368692077
11578.2 5.29246829854074 0.8066067413672061
11578.4 5.295743300768981 0.8126736340743757
11578.6 5.297992643653084 0.817048080746834
11578.8 5.301248689462062 0.8211767504914034
11579.0 5.303655134394417 0.824236473876136
11579.2 5.300214605625043 0.8294025804474062
11579.4 5.3040884580283745 0.8320546796731852
11579.6 5.306030377084584 0.8346188597691185
11579.8 5.308403922874954 0.8362550535212975
11580.0 5.30965285391436 0.8374677823793869
11580.2 5.3110738156412305 0.8382607680652877
11580.4 5.3130780995003635 0.8381285085198125
11580.6 5.313967232947391 0.8372857742723928
11580.8 5.312340394487243 0.8373308289236726
11581.0 5.31492989185957 0.8344896464885562
11581.2 5.3146979882635454 0.8325082915255623
11581.4 5.313359399961061 0.8279651699373528
11581.6 5.312783439608315 0.8242435472660314
11581.8 5.309759590377644 0.8193702772661909
11582.0 5.306602573858543 0.8142621129519025
11582.2 5.3094697753194495 0.8089542745945015
11582.4 5.305958261638193 0.8035158977042884
11582.6 5.301456116578096 0.7973659431162794
11582.8 5.301932115959157 0.7919476453984843
11583.0 5.2987524022829415 0.7863023756243369
11583.2 5.295406069379848 0.7814855223313956
11583.4 5.296291699760454 0.775582064004917
11583.6 5.296872418685239 0.76950287420469
11583.8 5.296588335664093 0.764213354811781
11584.0 5.294444995065028 0.7611764557266326
11584.2 5.289054819165748 0.7572516280554068
11584.4 5.29080798328308 0.7541691949403645
11584.6 5.290166846716879 0.7521584457399358
11584.8 5.285082206640063 0.7486401932052767
11585.0 5.2858117704031615 0.7462625011499143
11585.2 5.287229638239864 0.7451067605256793
11585.4 5.28558807527502 0.7430507804350592
11585.6 5.282241413167415 0.7430093878691337
11585.8 5.284598267219331 0.7421184773781119
11586.0 5.284390495299651 0.7402478563790734
11586.2 5.279302676655666 0.740724200237039
11586.4 5.286087934213559 0.7408579608158762
11586.6 5.2885959817896095 0.7407734210467926
11586.8 5.287414278728706 0.7420717994585555
11587.0 5.285499733193762 0.7424275597301676
11587.2 5.290153845392632 0.7425030919019228
11587.4 5.288995539383582 0.7435608853630182
11587.6 5.290150425433178 0.7460256740746017
11587.8 5.293885378009246 0.7479647257938007
11588.0 5.292659109372581 0.7498713346176074
11588.2 5.298599938725968 0.7512006867725514
11588.4 5.295063275254071 0.7543801910795574
11588.6 5.302363471559173 0.7572065662079526
11588.8 5.30772055532504 0.761279860423061
11589.0 5.30525423628175 0.7663760713748611
11589.2 5.309061334876508 0.7701375544787338
11589.4 5.313086785411111 0.7757047131117792
11589.6 5.3131576205501805 0.7804012173873321
11589.8 5.323227919285412 0.7867064526973727
11590.0 5.325297003003831 0.7929227175841803
11590.2 5.329239217174738 0.7987357878521857
11590.4 5.3326742252122665 0.8059828783308216
11590.6 5.33472090542402 0.8124067261846492
11590.8 5.339422170788488 0.8207184776336228
11591.0 5.344921586636805 0.8279582065902212
11591.2 5.3526482103889474 0.8357841657243529
11591.4 5.355381494831732 0.8443358400383225
11591.6 5.357289926346735 0.8533067091822337
11591.8 5.361507702293772 0.8607385518116343
11592.0 5.363968135845748 0.8670817713345291
11592.2 5.3709697727088175 0.8743064596290241
11592.4 5.369347998075402 0.883114010545054
11592.6 5.375686751516768 0.8896646789324395
11592.8 5.382216146861725 0.8966697234124732
11593.0 5.3820493538649705 0.89988480351472
11593.2 5.387202982319525 0.9057498939446342
11593.4 5.389686265356866 0.9122613066106118
11593.6 5.389749799633381 0.9141320052264766
11593.8 5.389793128334756 0.917841300419332
11594.0 5.3942655492414975 0.9199620320085176
11594.2 5.396539535847393 0.9221445074825636
11594.4 5.3960320327920295 0.9218225231195485
11594.6 5.394772782172437 0.9226037439060306
11594.8 5.392821250083334 0.9217501912376794
11595.0 5.399379123420372 0.9199295560594193
11595.2 5.39914605848374 0.9194209733370773
11595.4 5.39363446123847 0.9159463115593541
11595.6 5.393142758318667 0.9135701845057171
11595.8 5.391388287213495 0.9104087840721845
11596.0 5.391999090780625 0.9066551454535242
11596.2 5.389545728339997 0.9036359784517376
11596.4 5.3862551074967095 0.8981757853072849
11596.6 5.387358204894731 0.8949437764875572
11596.8 5.384566381040815 0.8891306290433082
11597.0 5.381845990121993 0.884341881471963
11597.7 5.369019123440149 0.8662593095873126
11598.4 5.359578830146625 0.8499480877122308
11599.1 5.353505359107518 0.8343091657859357
11599.8 5.3463192344228245 0.821959843784754
11600.5 5.3382488262463985 0.8125812906548934
11601.2 5.33480413668106 0.8052625385962776
11601.9 5.329241214237645 0.7995114746017967
11602.6 5.323715075559319 0.7948494935746918
11603.3 5.3186631183149045 0.7894423352321699
11604.993695 5.311753415124635 0.7725292729889187
11605.999583 5.3093327296718495 0.7619238699840306
11607.017662 5.310207634944328 0.7535388923775397
11608.047933 5.311614220189703 0.750761256909807
11609.090396 5.316654134552857 0.753171629880235
11610.145051 5.323177443127281 0.7620019157923374
11611.211898 5.332944193111708 0.775293369504748
11612.290937 5.3488777042767905 0.79156085278746
11613.382167 5.360568680318572 0.8096586154573248
11614.48559 5.373913072199622 0.8279402740201176
11615.601204 5.388637288564612 0.8470194035769797
11616.729011 5.3986698878044725 0.8645239514569167
11617.869009 5.409120835971573 0.8794527597931366
11619.021199 5.420184784090192 0.8897025216462263
11620.185582 5.425288784990006 0.8943573873234524
11621.362156 5.42911812120285 0.8927103278659624
11622.550922 5.4293067379084095 0.8861761668351503
11623.751879 5.426013742122713 0.8781256996257729
11624.965029 5.42576648823613 0.8689629585514496
11626.190371 5.418274739806857 0.8606165241256484
11627.427904 5.414173192297468 0.8519402598765067
11628.67763 5.4103860893404585 0.843556394303764
11629.939547 5.407640254933569 0.8358172309111299
11631.213657 5.403118158819786 0.82991094670216
11632.499958 5.397360117590978 0.8246218946337243
11633.798451 5.394117919077112 0.819578964487764
11635.109136 5.388191172765077 0.812905257254366
11636.432013 5.385268462927256 0.8042250559895879
11637.767082 5.3797557130084295 0.7935822902105256
11639.114342 5.375458009941104 0.7822312225146255
11640.473795 5.369744062384247 0.7702054254619851
11641.84544 5.3643546006561875 0.7586009754547522
11643.229276 5.360162456372406 0.7487380655247822
11644.625305 5.357010518039313 0.7413325526177287
11646.033525 5.355849987846559 0.7355741691453146
11647.453937 5.356028307004897 0.7322216519266378
11648.886541 5.3574911788786554 0.7305623385762239
11650.331337 5.3590387752909505 0.7310620163257641
11651.788325 5.362875187065428 0.7354981930526112
11653.257505 5.368740709128806 0.7441098269519465
11654.738877 5.37261519880974 0.7543029397362109
11656.23244 5.3818631461816295 0.7663245195422477
11657.738196 5.388817078216604 0.7788298916201855
11659.256143 5.392375795383904 0.7897086137823878
11660.786283 5.399624351851472 0.7989731625995196
11662.328614 5.405034244771059 0.8047442633024848
11663.883137 5.40864766320764 0.8077588912683062
11665.449852 5.410711088537147 0.8084121160323993
11667.028759 5.41455489122289 0.8076342324692674
11668.619858 5.415987775080849 0.8051896300124549
11670.223149 5.420977618200604 0.8023985161165165
11671.838632 5.422189994465877 0.7991091988774086
11673.466307 5.4251282505455976 0.7955382660871785
11675.106173 5.425832248048864 0.7927890812569972
11676.758232 5.427344193095161 0.7906571975399929
11678.422482 5.429564870404385 0.7890563718327748
11680.098924 5.430751702838568 0.7896362739497101
11681.787558 5.430994043282134 0.7918546407964943
11683.488385 5.436765190496772 0.7961800698867545
11685.201403 5.4398798447550565 0.7995140902553862
11686.926613 5.4402422594615825 0.8029339061567835
11688.664014 5.444547505451232 0.8047934668904138
11690.413608 5.443568892109957 0.8047086566497123
11692.175394 5.445577234419862 0.8006950182685404
11693.949371 5.4462333391995275 0.7945268726009994
11695.735541 5.443513493488079 0.7853750612049725
11697.533902 5.441673576343326 0.774267215445024
11699.344455 5.437624993932253 0.7615976049633935
11701.167201 5.43927889795346 0.7483079551287712
11703.002138 5.4403428946275785 0.7364734887560448
11704.849267 5.43855871276478 0.7263000168987129
11706.708588 5.435131878633897 0.7210440319677758
11708.5801 5.434411458826105 0.7180189845348578
11710.463805 5.435475627389091 0.7189586499268152
11712.359702 5.440876128765109 0.7224381116507578
11714.26779 5.445326351977173 0.7283778923492212
11716.188071 5.446764627967754 0.7352088863348726
11718.120543 5.45222741850331 0.7425133492925565
11720.065207 5.461689653452374 0.7495675976677344
11722.022064 5.467851520336227 0.7562447580714686
11723.991112 5.470293182988948 0.7619358505141361
11725.972352 5.475805747393537 0.7667886628762267
11727.965784 5.479229048035255 0.7709839997398218
11729.971407 5.484356643469911 0.7738658189245775
11731.989223 5.491932779973974 0.7765850361395293
11734.019231 5.4926679170482 0.7782397710752019
11736.06143 5.497855131169915 0.7779629980299365
11738.115822 5.501573372494879 0.776497076539323
11740.182405 5.5033031080167305 0.7741511086489116
11742.26118 5.508786895883678 0.7727221266234574
11744.352148 5.508713136090286 0.7726231819526985
11746.455307 5.508245825189243 0.7743445685962597
11748.570658 5.511533945330762 0.7784966832043543
11750.698201 5.5151874659674025 0.7825995064418441
11752.837935 5.517360546313522 0.7865031623134765
11754.989862 5.51982722913151 0.7881455017449607
11757.153981 5.523497480195798 0.7864876965219663
11759.330291 5.525296158846296 0.7800462414639612
11761.518794 5.524702710830284 0.7694688238463758
11763.719488 5.525363243681374 0.7559283733833508
11765.932374 5.520901331048122 0.7430062265528241
11768.157453 5.518305156849148 0.7323959989446117
11770.394723 5.5172535026674865 0.7240137865219667
11772.644185 5.519875454919621 0.7182855998632726
11774.905838 5.520046194430064 0.7136265685245091
11777.179684 5.519913461296154 0.7101536853189451
11779.465722 5.520416676812224 0.7079889460181719
11781.763952 5.525648588491537 0.7069321368679425
11784.074373 5.526112477299117 0.7059638536843673
11786.396987 5.5272339604210945 0.7058202744076238
11788.731792 5.529103152352282 0.705724744764994
11791.078789 5.532972315361576 0.7057832572913695
11793.437978 5.538332064437708 0.7081722341730521
11795.809359 5.5490895819446555 0.7108270598643835
11798.192932 5.551036433046528 0.7153225362269727
11800.588697 5.552080028435218 0.7215869516748119
11802.996654 5.558695937606748 0.7293849173625142
11805.416803 5.564354420668245 0.7385604354320542
11807.849143 5.5704425556720745 0.7470335603295457
11810.293676 5.5744294477301315 0.7550243098089788
11812.7504 5.577964176796442 0.7607328674342245
11815.219317 5.582171037369529 0.7636521655834139
11817.700425 5.587020932938629 0.7639617698926428
11820.193725 5.587429527632316 0.7614537678657923
11822.699217 5.590480333149492 0.7565916694456983
11825.216901 5.592512656941963 0.7490441222328689
11827.746777 5.590113829316989 0.7403116435092827
11830.288845 5.591605970373594 0.7297113985553223
11832.843105 5.593265893731799 0.7173940454092413
11835.409556 5.595440126567804 0.7057046476941439
11837.9882 5.5971628835496405 0.6946347495316268
11840.579035 5.593207471351552 0.6869759903303753
11843.182062 5.595892674442846 0.682359199174212
11845.797282 5.592952895826691 0.6802476057085146
11848.424693 5.59384244173009 0.6805392003030064
11851.064296 5.597896660044374 0.6824039909859417
11853.716091 5.601649891924495 0.6848978372568896
11856.380078 5.603211600250505 0.6865433695333617
11859.056256 5.606854230323797 0.6860922325188649
11861.744627 5.608872065538842 0.6826744952862508
11864.44519 5.611411058022208 0.6787111085456322
11867.157944 5.613776659077492 0.6751077291525214
11869.882891 5.616478596778876 0.6732490650303161
11872.620029 5.6205078185596635 0.6746486719398799
11875.369359 5.624278720892593 0.6776223966504513
11878.130881 5.626749397481321 0.6818938541375391
11880.904595 5.631520789161621 0.6871538369757085
11883.690501 5.63852317192837 0.6924137596054801
11886.488599 5.642268414368501 0.6969750646405998
11889.298889 5.644447063355174 0.7019901461335499
11892.121371 5.64909090502737 0.7055960468489296
11894.956044 5.656129177450419 0.7078044344078958
11897.80291 5.6639762155060485 0.7072573797619509
11900.661967 5.66491283955313 0.7040542215783164
11903.533217 5.662316802039244 0.6982020933632537
11906.416658 5.66268517083121 0.6895555297106554
11909.312291 5.6619643725301385 0.6791112581992065
11912.220116 5.670328309584657 0.668569904696306
11915.140133 5.6690577671432125 0.6591083811767088
11918.072342 5.672232656595204 0.6519209396202734
11921.016743 5.679115024325007 0.6473737204585738
11923.973335 5.670300673402539 0.64464086368381
11926.94212 5.672495330102543 0.6444191980376827
11929.923096 5.6740094102009015 0.6451023394905026
11932.916265 5.676385325177543 0.6454211113673275
11935.921625 5.681294558578627 0.6463434366626096
11938.939177 5.684769931312786 0.6467009698214576
11941.968921 5.690078264086976 0.646936752541567
11945.010858 5.691661769194293 0.6460368665260513
11948.064985 5.696109390655115 0.6440191409203313
11951.131305 5.6983323392102125 0.6402433212888764
11954.209817 5.7020313166729775 0.6365912872020131
11957.300521 5.7050918561488455 0.6337874258499531
11960.403416 5.706309856463872 0.6339608312931831
11963.518504 5.712880074665158 0.6356520332306592
11966.645783 5.716102005917521 0.638116013544977
11969.785255 5.717274423864874 0.6410700002304441
11972.936918 5.724187989180149 0.6433957032293527
11976.100773 5.7262441407511275 0.6445888203925213
11979.27682 5.728415196209866 0.6443701664310598
11982.465059 5.732678287222147 0.6442363955449266
11985.66549 5.738232111183035 0.6439295468634174
11988.878112 5.74070601623773 0.6436227884555551
11992.102927 5.744382913100617 0.64270829585514
11995.339934 5.74763151454428 0.640432071056937
11998.589132 5.747733280565269 0.6371694599673262
12001.850523 5.751797675266326 0.6311399831701031
12005.124105 5.751866618335359 0.6240282626711899
12008.409879 5.752693076509476 0.6157419643719939
12011.707845 5.757137669572833 0.6065032470818004
12015.018003 5.758887794913634 0.5980509535379527
12018.340353 5.7612679150017305 0.5908070698104562
12021.674895 5.761465308475609 0.5865607459604015
12025.021629 5.76639248720578 0.5841154217996641
12028.380554 5.76928515306184 0.5832991104033838
12031.751672 5.77298289110634 0.5838741622176232
12035.134982 5.774136300719344 0.584662570366267
12038.530483 5.778072985077872 0.5860318652686101
12041.938176 5.783551922780207 0.587006868875474
12045.358061 5.793103171465609 0.5880916564546218
12048.790139 5.792783758622831 0.588307966123666
12052.234408 5.79270312184299 0.5893345476048657
12055.690868 5.796885170713876 0.590285586041585
12059.159521 5.800723593995109 0.5908198012211205
12062.640366 5.805044338877005 0.5909912679482557
12066.133403 5.807259635023987 0.5903744562894874
12069.638631 5.810783706022657 0.5891730670844002
12073.156052 5.813873770688628 0.588007336636546
12076.685664 5.819014807045468 0.5869790825428058
12080.227468 5.822069137272462 0.5859731866454574
12083.781465 5.826081398748005 0.5842344626800492
12087.347653 5.831259342522743 0.5809749169987092
12090.926033 5.831879313270834 0.5766135757866466
12094.516605 5.83487891357333 0.5724255049803577
12098.119369 5.839541141159725 0.5675083528915987
12101.734324 5.841642615866385 0.5629037992894868
12105.361472 5.8459193342486495 0.5585087258379561
12109.000811 5.848124670474225 0.5545392695827034
12112.652343 5.8506855541721645 0.5504058162804354
12116.316066 5.860170672100855 0.5465161296703459
12119.991982 5.856487769877049 0.5423937368858505
12123.680089 5.853424667779054 0.5381729172556897
12127.380388 5.858520567678235 0.534387832822038
12131.092879 5.863257504908958 0.5305945227986213
12134.817562 5.865701123173145 0.5281135681522243
12138.554437 5.868146674224485 0.5263598571184496
12142.303503 5.870159275399031 0.5253936878368727
12146.064762 5.873390720320507 0.5249895225104398
12149.838213 5.882190702921305 0.5243598461188098
12153.623855 5.882649396155514 0.5240819334555049
12157.421689 5.88676049293029 0.5237603024967986
12161.231716 5.890338830556603 0.523850721119758
12165.053934 5.894043787017503 0.5245487900626012
12168.888344 5.897347628265769 0.5246772190989921
12172.734946 5.9110728260510035 0.5245439895129984
12176.59374 5.915883898220544 0.5241324806333157
12180.464726 5.914075018488023 0.5236270800485114
12184.347903 5.917025796442301 0.5228952594069592
12188.243273 5.919933751428656 0.5213789062187516
12192.150835 5.923881492390492 0.5192564965134759
12196.070588 5.924715441423318 0.5165453147519413
12200.002533 5.930088188708241 0.5135237530261936
12203.946671 5.93474123918902 0.5096912623904829
12207.903 5.935643348571538 0.5051907435758748
12211.871521 5.9408231947198376 0.5006392182999739
12215.852234 5.947852963474688 0.49556449114644974
12219.845139 5.950566267526144 0.49101283765729004
12223.850236 5.950559497740441 0.4874756303670632
12227.867524 5.95325232833956 0.48429618929361057
12231.897005 5.956078493301604 0.48124165571532734
12235.938678 5.959618366289633 0.4780075122954461
12239.992542 5.963814983873122 0.4751306907227416
12244.058598 5.965646800969203 0.4721831253240357
12248.136847 5.972766024114002 0.46887478201046306
12252.227287 5.983219851690611 0.4652285740627036
12256.329919 5.995602997033811 0.4609416783015849
12260.444743 5.98201285698851 0.4573189076780652
12264.571759 5.983907304352909 0.45507441422254147
12268.710967 5.987845507675398 0.45327014929022574
12272.862366 5.9920608554188295 0.45223167134596054
12277.025958 5.993542359349434 0.4516644332194643
12281.201742 6.000412109023702 0.45205640915376694
12285.389717 6.005897676443846 0.45249638616641746
12289.589884 6.007398002653079 0.45313346228477475
12293.802244 6.012990445199681 0.45372080205161447
12298.026795 6.033337082117612 0.4537903309713513
12302.263538 6.023529638240964 0.4533208890230737
12306.512473 6.022862840480235 0.4525712924289636
12310.7736 6.026565309621092 0.4508619466633742
12315.046919 6.030353011994968 0.4482595607772488
12319.332429 6.033799078299083 0.44512580371781185
12323.630132 6.038316049408584 0.4408670162918136
12327.940026 6.039634704444807 0.4361817895828581
12332.262113 6.046056616831739 0.4312864640072605
12336.596391 6.049372547923049 0.42604093767832857
12340.942861 6.052946071820619 0.42134103411058266
12345.301524 6.057862270690266 0.4175173152770199
12349.672378 6.061619865704406 0.41353919138484396
12354.055424 6.065815701992323 0.4104392428104782
12358.450662 6.066978329987497 0.4077379308772828
12362.858091 6.071428786803075 0.40492260841107947
12367.277713 6.076340759970536 0.40214142647846585
12371.709527 6.0789715535028375 0.3996794113592682
12376.153532 6.083673256291419 0.39656533109933667
12380.60973 6.08757713261181 0.39402727930329645
12385.078119 6.091341509717331 0.3914356050739814
12389.5587 6.094670781275297 0.38893757954876973
12394.051473 6.09730393632669 0.38641847296918697
12398.556438 6.103482805849615 0.3840186446364965
12403.073595 6.104626201725489 0.38201893245212837
12407.602944 6.107462508782573 0.3800468692349154
12412.144485 6.109949621469454 0.3785072490538937
12416.698218 6.11624386198712 0.3772616583995482
12421.264142 6.1444984413338375 0.3760442218775378
12425.842259 6.151261220913172 0.3745085977274224
12430.432567 6.141896706809925 0.373277328794787
12435.035068 6.142390642663598 0.37209401343423476
12439.64976 6.143736255490246 0.3705171311352649
12444.276644 6.146082280637681 0.36865891408564017
12448.91572 6.152717379434065 0.3663533003785765
12453.566988 6.157755130710814 0.3636674767619104
12458.230448 6.159930916700041 0.36088069365707537
12462.9061 6.163065588376473 0.3579655966673544
12467.593943 6.167164059529043 0.35453274530994994
12472.293979 6.1733936551810595 0.3509984552712723
12477.006206 6.174821548745506 0.34735031615320083
12481.730626 6.1815604223383245 0.3436171088943788
12486.467237 6.1847853514869815 0.3396353203604673
12491.21604 6.189461575774066 0.3357303881621413
12495.977036 6.201349574649845 0.33189088979567033
12500.750223 6.206055306286755 0.32808225610095965
12505.535602 6.1905049275224675 0.3246062566457676
12510.333172 6.196278106672001 0.32152227264222993
12515.142935 6.202803201740854 0.3185794030243941
12519.96489 6.2081446681022205 0.3158785463148435
12524.799037 6.212369166697752 0.3133469055799818
